2023104185203
2022116169974
2022113936781
2023101100237
2022109747236
202410817874X
2023107258507
202211273995X
2021113408339
202310831650X
2024116544593
2022106811404
2023115798831
202310438640X
2023105990806
2023112912089
2023117523443
2023105329885
2023110319991
2023107300909
2023100453886
202410581778X
2023112021474
2022111599020
2022117192643
2023108878865
2023114678796
202311504147X
2023117080553
2024111124196
2024116634763
2024116932989
2024114985271
2024117706275
2022111268456
2023102546546
2023104548137
2023107527895
2023112358740
2023106603567
2023102341480
2023102677063
2023107335077
2022107409409
2023104728680
2023100373646
2022102663615
2022106446839
2022116878468
2024106686102
2023118163074
2025104048050
2024101918673
2022107199650
202310869634X
2022108033347
2023111791091
2022112113575
202210381989X
2022110079565
2022112800981
2022113865076
2022114329019
2023102358284
2023100898288
2023101831571
2023102269986
2022116566409
2023107438213
2023111988610
2023112515116
202310288851X
2023103259820
2022110124594
2022116952339
2022117090118
2023104339964
2024114673937
2024102714762
2021109615872
2022112353530
2021112405032
2023112543012
202311441323X
2023113851059
2023115262025
202410592753X
2024107070403
2023110589539
2022113929985
2022113929970
2022115004442
2023107251531
2023108786859
2023110269206
2022107410069
2022111662950
2022115730849
2023103201213
2023102192664
2023103129653
2023103646081
2023103130260
2022103881814
2022103483234
2023106170630
2023108656573
2023110579151
2023109435332
2022110850806
2022112805701
2022116068827
2022112800318
2022115740925
2022109754738
2022111295472
2022111446519
2022111596982
2021112550750
2023100970844
2023101299109
2023100541463
2023116549107
202411989383X
2024118403674
2022110796036
2025108410905
2021116725400
2021111884190
202111342194X
2022102252478
2022104247703
202210513500X
2022110260777
2022108691055
2022109637611
202211357744X
2022114057033
2022114056990
2022113991971
2022117193557
2023106297449
2023108644557
2023101763235
2023101763343
2022108928573
2023103018824
2023103332811
2023103387354
2023103387778
2023103522587
2023103536255
202310857729X
2023104113775
2023103956321
202211682442X
2023118115916
2022107245112
2023114550523
2022117405461
2023104117653
2023107354966
2023106902272
2023113578451
2024100286341
2023106445008
2022110943478
2023112787591
2022112254107
202310366768X
2024101419143
2023102710396
2023101983381
202410593468X
2024107881456
2024109271036
2023101118461
2023101161160
2022110038442
2022110459282
2022111842205
2023101763254
2023108292327
2023111716387
2023101885181
2023108363337
2023109381667
2023104868544
2022103426903
2022104835565
2022107864771
2023100572495
2023106815255
2023118192043
2024119366687
2022108874516
2022105930336
2024116081816
202410300076X
2023108372139
2022116950013
2022111758493
2022112631610
2022111445465
2023102752666
202310738690X
2023112021629
2024101492825
2024104062636
2024111048703
2022110410740
2023102419803
2023102416788
2022108269754
2023111438678
2024100929257
2024102137623
2024104531060
2024103926180
202410624542X
2024108572002
2024106864025
2024108183466
2024113804616
2024102203447
2024104981946
202310411762X
2023104289630
2023107101657
2023108277416
2023111713726
2022116236593
2023101826696
2023100471390
2023110032864
2024104755470
2024114908010
2022102917024
2022108335027
2022109389039
2022111155528
2023107494444
2021110054239
2023104377148
2023102068972
2025102101433
2023109904706
2023106181599
2023109040361
2023111055469
2022108297449
2023104937366
2024115231801
2025106498860
2024100928790
2023103735155
202310496539X
2023103250328
2023102697137
2023108371935
2022104039240
2023101232842
2023102131923
2023102405497
2023102982850
2023103368993
2023102286727
2023102979523
2023102982831
2023103122550
2023102840987
2023102950455
2023102983586
2022101939539
2022113771863
2022115654421
2022116649327
202211223256X
202310095512X
2023102597637
2023105003378
2023103661823
2023104207664
202310096393X
2023101436144
202211370501X
2022106382057
2023103033913
2023104340001
202310912007X
2022101253581
2022104884523
2022101354845
2022100221723
2022100810770
2022101367050
2022102088990
2022107615181
2024101841544
2022117157917
2023110995528
2023113995407
2022114354010
2022114848877
2022115323024
2022115967233
2023103254704
2023109894155
2023115365924
2024116822847
2022110079635
202211191146X
2022112113113
2022111663101
2023107566777
2023114038836
2023108526368
2022108424961
2022108874450
2022111596592
2022112539366
2022114295046
202211175814X
2022116418089
2022115967341
2022116428165
2023101436178
2023107420883
2023108997578
2023108997559
202311110895X
2023111438625
2023112188538
2023111375274
2024104474636
2023110281053
2025111228414
2023109566057
2023111462535
2024102146105
2024102257606
2025102825628
2025106042025
2025106041357
202210073263X
2022100840704
2022102334868
202210692069X
2022107386816
2025101077117
2024119489390
2021107894791
2021109553039
202110960211X
2022111108974
2022116566038
2023109894174
2024117331255
2023108577213
202111361002X
2023101141487
2023101404374
2023101055227
2023101113218
202310133832X
2023101338423
2023101374326
2023103369553
2023101049118
2023104977857
2023105857941
2023101839959
2023113182187
2023113154172
2023111574297
2024115278437
2024112787045
2023106668345
2023116425477
2024105336953
2023108231840
2023118690049
2021113633360
2022105135531
2022111302141
2022113633524
2022115490173
2022116165244
2022117242089
2023100561166
2023101041258
2023101299185
2023102621320
2023106167924
2023106851622
2023108088039
2023104793410
2023105857960
2023110117735
2023107833049
2023109774011
2023109849662
2023113119018
2023113197708
2023114117819
2023114003697
202410818187X
2024110412389
2024109052965
2024119507204
2023101507347
2023101911487
202310873558X
2023103801208
2024101056775
2023117147676
2023102703316
2023102996266
2022113289495
2023108945588
2022107067740
2022112358089
2023114952610
2022104946159
2023101046656
2023103018059
2023102771440
2023107248488
2024113774945
202310864467X
2024105605288
2022114274497
2022116069228
2022114225683
2023104016402
2022112181892
2023104446523
2023108713400
202311080126X
2023112069083
2023114252187
2023104209994
2022113289476
2023109245198
2022111851435
2022117296356
202310117344X
2022115861224
2022116824523
2022116169601
2023106389722
2022114274872
2023118464419
2022107067717
2024116164005
2022102795099
2023113907764
2022107932497
2022108645714
202210792049X
2022108270747
2022112670757
2022112353009
2023106575980
2023109039434
2021105724283
2021105729516
202110843582X
2021114583532
2022108119460
2023104518540
2023103712384
2023111826353
2022109376895
2022110254210
2023110111739
2023106157335
2023108561840
2022112150856
2022112940614
2022117158619
2023100326344
2023115077429
2023114730600
2023117338226
2023116171822
202311671635X
2024112080918
2023118246452
2024118781644
2024119696437
2023108432695
2023108207019
2023105729892
2024113575000
2022110895402
2024102206657
2024114459863
2024116636913
2024119640357
202411981472X
2023103736641
2022109627959
2023112220425
2023115195139
2024107283433
202411246071X
2023102641358
2023112542838
2023102106279
2022105120235
2022108984925
2023109298157
202311094092X
2023112843290
2023111742254
2023104045231
2023105329902
2023104230463
2023104289861
2023104068182
2021116544674
2022113778148
2022104426826
2022104343611
2022106381745
2022113929862
2022115845433
2022114345399
2022116824788
2023108515700
2023106354954
2023112466317
2024117601254
2023108171731
2024117021511
2022115247919
2023110600951
2023100541529
2023102843307
2023105973393
2023110111832
2023110112869
2022102009895
2023104527588
2022114680043
202310378200X
2022105808283
2022110419590
2022111038454
2023105892466
2021106848495
2022114852868
2022114528703
2022116299925
2022115243744
2021110570181
202210579243X
2022116043783
2023101981032
2022111060937
202410783319X
2022112044170
202311219701X
2022112112943
2022115634165
2022100015707
2022104826975
2022109330533
2022109376683
2022112800869
2023101106074
2023100597100
2023102195751
2023100198596
2023114678531
2023116485393
2023115279613
2023116426041
2023116783462
2021113870629
2024102588115
2022109933687
2021112514010
2022103013864
2022106742705
2022106914561
2022108835390
2022109804440
2022113780383
2022114329273
2022114852707
2022115037766
2022112269634
2022113990540
202211448418X
2022115322835
2022114430724
2022114285097
2022115664673
2022114256728
2023100898201
2023100898108
2023101842805
2023100570945
2023100931464
2023101298905
2023101299306
2022116566057
2023101366141
2023101616664
2023103056949
2023103182509
2023103661842
2023106484248
2023108432623
2023108171746
2023114925810
2024105211214
2024105621257
2024105212202
202311197387X
2023111216530
2023110811261
2023112017816
2023111570826
2023117080464
2023116638295
2023115290735
2023115804279
2023117381137
2023115365873
2023117624247
2022112180211
2023103569776
2022103506344
2022111910645
2022111919565
202211192118X
2022112008545
2022113772315
2022116688656
2022107979690
2023108406489
2021112568913
2022106920929
2023102948987
2023104593772
2023104810967
2021116400339
2022107592870
2023100600086
2023102955020
2023110563083
2023106837930
2023107564606
2022101261126
2022108057816
2022109270797
2022108804195
2022114066032
2023106418814
2022104976031
2022106580414
202210438063X
2022106104314
2022106575420
2022106572827
2022107593411
2022107614210
2022104975467
2022108636310
2022109178004
2022108690620
2022110844434
2022111851416
2022112179680
2022112413813
2022111385479
2022112276765
202211512482X
2022115005568
2022113772902
2022113342764
2022111385036
2022116099882
2022115535649
2022115577730
202211695150X
2022116100818
202310229688X
2023102954189
2023104450711
2023109220595
202311326758X
2023115465265
2022106470518
2022105930425
202310343002X
2023115345600
2023115453605
2022104952554
2022104247718
2022105793254
2022107140178
2022105889651
2022107988562
202210665159X
2023100918239
2023106333638
2023102765280
2022112413226
2022115251149
2022113206401
202310054591X
2023102340327
2022104558331
2023107385165
2022114537257
2022114933969
2023108899749
2022109933672
2023102532825
2024104684225
2022116582115
2023110162779
2023117610225
2023118014309
2024110571366
202311545386X
2022107056534
2022110340466
2022116565196
202310188092X
2023102764771
2023102710305
2023106125300
2023105729233
2022116979399
202211144628X
2023107584807
2023110644964
2025105202440
2024117861637
2025100995592
2025100846066
202211326928X
2023104551572
2023101045511
2023102023420
2023103261695
2023102819990
2023102992513
2023102955016
2023113544510
2022116031875
2024104284097
2022110729690
2022104194570
2023106883892
2022105073130
2023105025818
2024100872456
2024101127605
2024119442784
2022111911544
2022112543287
2022111669413
2022111596658
2022115132737
2022116098786
2023101696832
2025101386820
2025100599069
2025100422868
2024119360661
2024118978559
2024105027860
2024103830544
2024100729744
2024100272724
202311847877X
2023109941777
2023108512878
2023107976663
2023107644761
2023107647257
2023107329339
2023106726603
2023102766832
2023105817624
2023105368714
2023105147444
2023105130890
2023104823416
2023103858210
2023103650725
2023103491697
2023103491714
2023103491729
2023103273387
2025111655838
2024109490989
2023108921437
2023106308547
2022117105289
2022116759168
2022115016670
2022112264734
2022112265756
2025116016703
2025102873015
2023114601671
2023110275230
2023110152300
202111594121X
2021112746412
2020107719001
2020105910155
2026100079463
2025120017747
2025117723449
2025105378255
2024119851004
2024116961500
2024114161271
2024113956572
2024110742406
2024109987811
2024109760437
2024109387174
2024109236193
202410557273X
2024104838702
2024104863456
2024104042543
2024104004772
2024101596985
2024101004234
2023117626878
2023117486425
2023117145878
2023117029294
2023116003687
2023115838877
2023115541678
2023113842399
2023111395738
2023111014454
2023110860272
2023110753976
2023110768721
2023110590184
2023110503909
2023110424822
202311029642X
2023110297352
2023110081023
2023109836272
202310844834X
2023108327716
2023108192761
2023108041456
2023107388125
2023106993568
2023105819333
2023104451894
2023103646486
2023103046650
202310278005X
2023102698163
2023102522128
2022117351334
2022117359406
2022116868729
2022116677986
2022115244075
2022112773043
2022112171852
2022112047520
2022110819165
2022110335665
2022109136552
2022108950257
2022108290810
202210798322X
2022107710805
2022107727295
2022105331895
2021103157993
2020100564141
2024100764748
2023116109836
2023114451725
2025101544881
2023117934686
202311765395X
2023107846443
2023101233173
2022114530101
2022109496401
2021102348245
2020103412475
2025104495726
2024116849981
2023109796449
2023108509216
2023107239845
202410656725X
2023105653785
2022110217743
2022110121420
2022109755406
2022108529361
2021109947577
2023112735614
2022115631862
2022114522571
