2023104185203
2022113936781
2023101100237
2023107258507
2023115798831
202310438640X
2023105990806
2023112912089
2023117523443
2023105329885
2023110319991
202410581778X
2023112021474
2022111599020
2022117192643
2023108878865
2023114678796
202311504147X
2023117080553
2024116634763
2024116932989
2022111268456
2023107527895
2023112358740
2023106603567
2023102341480
2023107335077
2023100373646
2022116878468
2024106686102
2025104048050
2024101918673
2022110079565
2022114329019
2023102358284
2022116566409
2023107438213
2023111988610
202310288851X
2023103259820
2022110124594
2022112353530
202311441323X
2023113851059
2023115262025
202410592753X
2024107070403
2022113929970
2023107251531
2023108786859
2023110269206
2022111662950
2022115730849
2023103201213
2023103646081
2023110579151
2022110850806
2022111295472
2022111446519
2021112550750
2023100970844
2023101299109
2023100541463
2023116549107
2022109637611
202211357744X
2022114057033
2022114056990
2022113991971
2022117193557
2023108644557
2023103332811
2023103387354
2023103522587
2023103956321
2023118115916
2022107245112
2023114550523
2022117405461
2023104117653
2023107354966
2023106902272
2023113578451
2024100286341
2022110943478
2022112254107
2024101419143
2023102710396
2023101983381
2024107881456
2024109271036
2023101118461
2022110038442
2022110459282
2023101763254
2023101885181
2022104835565
2023118192043
2022108874516
2022105930336
2024116081816
202410300076X
2023108372139
2022111758493
2022112631610
2022111445465
2023112021629
2024104062636
2023102416788
2022108269754
2023111438678
2024100929257
2024104531060
2024103926180
2024108572002
2024108183466
2024113804616
2024102203447
2024104981946
2023108277416
2023111713726
2023100471390
2022108335027
2022109389039
2022111155528
2025102101433
2023111055469
2022108297449
2023104937366
2025106498860
2024100928790
2023103735155
202310496539X
2023103250328
2023101232842
2023102131923
2023102405497
2023103368993
2023102286727
2023102979523
2023103122550
2023102840987
2023102950455
2023102983586
2022115654421
202211223256X
2023102597637
2023105003378
2023103661823
2023104207664
2022106382057
2023103033913
202310912007X
2022104884523
2022100221723
2022100810770
2024101841544
2023113995407
2022114354010
2022115323024
2023109894155
202211191146X
2022112113113
2022111663101
2023107566777
2023108526368
2022108424961
2022111596592
2022112539366
2022114295046
202211175814X
2023101436178
2023107420883
2023108997559
202311110895X
2023112188538
2023111375274
2024104474636
2025111228414
2023109566057
2023111462535
2024102146105
2025102825628
2021107894791
202110960211X
202111361002X
2023101141487
2023101404374
2023101055227
2023101113218
202310133832X
2023101338423
2023101049118
2023104977857
2023101839959
2023113182187
2023113154172
2024112787045
2023106668345
2024105336953
2023108231840
2022105135531
2022111302141
2022113633524
2022115490173
2022116165244
2022117242089
2023100561166
2023101041258
2023101299185
2023106851622
2023108088039
2023104793410
2023109849662
2023114117819
2024119507204
2023101507347
202310873558X
2023103801208
2024101056775
2023102703316
2022113289495
2022107067740
2022104946159
2023101046656
2023102771440
2024113774945
202310864467X
2023104016402
2022112181892
2023108713400
202311080126X
2023112069083
2023114252187
2022113289476
2023109245198
2022111851435
2022115861224
2022114274872
2023118464419
2023113907764
2022108270747
2022112670757
2022112353009
2023106575980
2023109039434
2023111826353
2022110254210
2023110111739
2022112940614
2022117158619
2023115077429
2023114730600
2023117338226
2024118781644
2024119696437
2023108207019
2024113575000
2022110895402
2024114459863
202411981472X
2022109627959
2023112220425
2023115195139
2024107283433
202411246071X
2023102641358
2023112542838
2023112843290
2023105329902
2023104230463
2023104068182
2022113778148
2022104426826
2022104343611
2022113929862
2022115845433
2022114345399
2022116824788
2023106354954
2023112466317
2024117601254
2023108171731
2024117021511
2022115247919
2023100541529
2023102843307
2023105973393
2023110111832
2023110112869
2023104527588
202310378200X
2022105808283
2022110419590
2022111038454
2023105892466
2021106848495
202410783319X
2022109330533
2022109376683
2022112800869
2023101106074
2023100597100
2023102195751
2023116485393
2023115279613
2023116426041
2023116783462
2021113870629
2024102588115
2022109933687
2022108835390
2022109804440
2022112269634
202211448418X
2022115322835
2022114285097
2022115664673
2022114256728
2023100898201
2023100898108
2023100570945
2023100931464
2023101298905
2023101299306
2023103056949
2023108432623
2024105212202
2023111216530
2023112017816
2023111570826
2023116638295
2023115290735
2023115804279
2023117381137
2023115365873
2023117624247
2022112180211
2022103506344
2022111910645
2022111919565
2022113772315
2022116688656
2021112568913
2023102948987
2023104593772
2023100600086
2023110563083
2023107564606
2022108057816
2022109270797
2022108804195
2022106572827
2022107614210
2022104975467
2022109178004
2022108690620
2022110844434
2022111851416
2022112179680
2022112413813
2022112276765
202211512482X
2022115005568
2022113342764
2022111385036
2022116099882
2022115535649
202211695150X
2022116100818
202310229688X
2023102954189
2023104450711
2023109220595
202311326758X
2023115465265
2022107140178
2022105889651
2022107988562
202210665159X
2023106333638
2023102765280
2022112413226
2022113206401
2023102340327
2022104558331
2023107385165
2022114537257
2022114933969
2023108899749
2023102532825
2024104684225
2022116582115
2023117610225
2024110571366
2022110340466
202310188092X
2023106125300
2023105729233
2022116979399
2023110644964
2024117861637
2025100995592
2023102992513
2022116031875
2024104284097
2022105073130
2023105025818
2024101127605
2024119442784
2022111669413
2022116098786
2025101386820
2025100599069
2025100422868
2024105027860
2024103830544
2024100729744
2024100272724
202311847877X
2023109941777
2023108512878
2023106726603
2023105817624
2023105368714
2023105147444
2023103650725
2023103491697
2024109490989
2023106308547
2022117105289
2022116759168
2022115016670
2022112264734
2022112265756
2025116016703
2023114601671
2023110275230
2023110152300
2026100079463
2025105378255
2024116961500
2024114161271
2024113956572
2024109987811
2024109760437
2024109387174
2024109236193
2024104838702
2024104863456
2024104042543
2024101004234
2023117626878
2023117486425
2023117145878
2023117029294
2023115838877
2023113842399
2023110860272
2023110768721
2023110590184
2023110503909
2023110424822
202311029642X
2023110297352
2023109836272
202310844834X
2023108192761
2023106993568
2023105819333
2023103646486
2023103046650
202310278005X
2023102698163
2023102522128
2022117351334
2022117359406
2022116677986
2022115244075
2022112171852
2022112047520
2022110819165
2022110335665
2022108950257
2022108290810
202210798322X
2022107710805
2022107727295
2021103157993
2024100764748
2023116109836
2023114451725
2023117934686
2021102348245
2020103412475
2025104495726
2024116849981
2023109796449
2023108509216
2023107239845
2022109755406
2021109947577
2022115631862
2022114522571
