2023104113775
202410593468X
2022111842205
2023108363337
2022116950013
2022102917024
2021110054239
2024115231801
202310096393X
2023110995528
2023115365924
2022116428165
2023105857941
2021113633360
2024110412389
2023108945588
2023103018059
2022114274497
2023106389722
2021105724283
2021114583532
2023103712384
2023109298157
2021116544674
2022102009895
2022100015707
2022103013864
2022114430724
2023117080464
2022107592870
2022105930425
2023100918239
202310054591X
2022107056534
2025105202440
202211326928X
2023104551572
2023101045511
2023102819990
2023113544510
2023103858210
2025111655838
2022109136552
2022110121420
2022114225683
2024114908010
2023103254704
2023108997578
2025106042025
2024115278437
2023105857960
2024112080918
2023111742254
2022112044170
202311219701X
2023108171746
202311197387X
2023108406489
2022115577730
2023118014309
2025100846066
2023107647257
2023103491729
2022105331895
2023101233173
2025106498860
2024116544593
202310183094X
2023110612817
2023108511080
2023107625027
2023106179546
2023105757712
202411305207X
2024111068923
2023101688766
202211693033X
2024113325147
202311443377X
2023114254182
2023111811983
2023111625528
2023110778598
2023108555801
2023107699340
2023104140359
2023100963836
2023100997404
2023100963215
2023100045853
2022116427336
2022115041742
2025117841197
2023107300909
2022108033347
2023111791091
2022112113575
2023110589539
2022113929985
2023103129653
2023103130260
2023108656573
2022112800318
2022111596982
2022109747236
2022106446839
2022116952339
2022108691055
2023106297449
2023112787591
2023111716387
2024119366687
2024102137623
2024104755470
2023108371935
202310095512X
2022101354845
2022102088990
2022107615181
2022115967341
202210692069X
2023103369553
2023113119018
2023113197708
202410818187X
2024109052965
2023101911487
2023102996266
2022116169601
2022108645714
2022108119460
2023116171822
2022111060937
2022113780383
2022116566057
2023101616664
2024105621257
2022112008545
2021116400339
2022106104314
2022115251149
202410557273X
2023111395738
2023108041456
2024106864025
2023102023420
2022112269634
202111504942X
202011459917X
2021106783575
2021107486171
2021101231126
2021115066177
2020106521703
2021102022397
2022105932488
2021101625749
2021107682641
2023111205837
2020105866097
2021115049364
2021107979183
2025110379578
2023106385045
2023112764072
2023102067575
2023114491313
2023111974980
2023107126480
2023113501962
2022112035947
2023116148440
2023110332835
2025101667970
2025101102640
2023110332799
2024106894548
2025103758067
2024107458601
2023109029273
2024117816453
2023102297914
2024116913795
2023113761279
202310285762X
2025103420262
2021106147809
2023104738165
2021114374081
2022100966933
2022113058185
2023110434951
2022115226293
2023106402214
2022117284594
2024116575093
2024119714435
2023104382521
2024114213064
202010311009X
2023100858609
2022110594871
2020103106821
2022113737082
2020103106874
2023102776868
2020102169109
2023100235326
2021108294249
2022104539631
2023108921437
2022113865076
2023102269986
2022112543287
2024114985271
2024112999903
2024110168515
2024108583562
2024107759045
2024107759064
2024106959966
2024104757739
2023118055900
2023115598712
2023115099771
2023115160074
2021109615872
2022103426903
202211370501X
2022100840704
2024119489390
2022114329273
2023102752666
2022113772902
2022116069228
2022102795099
2023102710305
2024104004772
2023113995407
2023104793410
2023109039434
2022109627959
2022114256728
2022112276765
2022107727295
2023117523443
2024116634763
2023106603567
2022116878468
202310288851X
202311441323X
2023115262025
2022113929970
2023107251531
2023108786859
2023103646081
2022110850806
2022114056990
2022113991971
2024104062636
2024108572002
2023108277416
2024100928790
2023102983586
2023103661823
2022104884523
2022112113113
2023108526368
2023108997559
202311110895X
2023112188538
2023101055227
2023101113218
202310133832X
2023101338423
2023101839959
2023106668345
2022105135531
2023109849662
2022104946159
2023112069083
2022117158619
2023115077429
2023117338226
2024118781644
2022110895402
2023112843290
2022113778148
202310378200X
2022110419590
2022109330533
2023101106074
2023115279613
2021113870629
2023100898201
2023101298905
2023103056949
2023111216530
2022103506344
2022116688656
2022108057816
2022108804195
2022104975467
2022111385036
202211695150X
2022116100818
2022107140178
2023102765280
2022113206401
2022110340466
2023106125300
2023105025818
2024101127605
2026100079463
2024114161271
2024113956572
2024109760437
2024109236193
2023110860272
2022117397658
2022116419560
2022111459773
2023113815090
2023113425742
2023112187766
2023111807992
2023111669526
2023110885890
2023110772801
2023109370696
202310908605X
2023105913852
2023104672187
2023101050613
2023100962797
2023100963319
2023101123898
202210216843X
2021115096026
2023101296609
2026103793205
2023112592574
2023112089142
202111342194X
2024114673937
2021112405032
2022115004442
2023102192664
2022103881814
2022116068827
2022115740925
2025108410905
2021111884190
2022102252478
2022110260777
2023103387778
2023106815255
2024111048703
2023102068972
2023109040361
2023102982850
2023104340001
2022114848877
202210073263X
2023102621320
2023114003697
2023114952610
2022107932497
202110843582X
2023108561840
202311671635X
2023118246452
2023103736641
2023104045231
2022115243744
2022116043783
2023114678531
2023103661842
2023106484248
202210438063X
2022109933672
2022116565196
2024100872456
2024119360661
2023107329339
2024119851004
2023116003687
2023110753976
2022112773043
2022114530101
2022116169974
2022102663615
202311094092X
2022108297449
2023113182187
2022109270797
202210665159X
2025101386820
2025100422868
2024103830544
2025104495726
202080083934X
2023110845018
2021100460999
2025106253685
2021107333903
2023111233485
2020102429229
2020113610519
2021107772690
2020114136591
2021104169127
2022107847668
2022109102931
2022107578498
2022109120592
2025106231489
2023111233447
2023115077965
2021116772613
2024104869202
2022113249500
2022115842948
2023116404860
2023114622841
2023101902030
2024102607794
2024119965753
2023109771583
2023118029605
2023112364544
2023115650980
2023107032163
2023114934171
2023108085416
2022113324821
202411830345X
2022114942544
2023107952974
2024114942435
2023112425637
2023106615545
2023114105510
2023105126679
2025101415240
2023109513986
2023110198588
2023107756748
2023108749949
202310951383X
2024102073161
202311260771X
202211626569X
2023102678386
2022114875249
2021112058662
2021114345799
2022116984058
2022114232884
2021114250286
2024111597787
2024110861871
2023106809184
2022114057048
2023108968518
2023104065466
2022113007997
2024105248312
2023103120502
2024112527103
2023104576372
2023110686026
2021113697659
2020103409326
202310877224X
2023104385799
2021115001577
2023107438035
2023101001354
2020103409415
2019106767382
2021114336751
2022101017610
2023109189465
2021101839004
2025101210429
2021107704848
2020103409519
2023101900887
2023109097181
2020112990402
2023104481438
2020101110540
2023111509936
202010425117X
2024110724535
2022113422631
2022115800235
202211372675X
2022108945390
2020101756793
202310029368X
2021115952214
2021107341346
2023103876666
2023100174178
2022111151461
2025103758052
2023112124413
2023105974165
2022110356553
2024115585596
2023111376972
202310971273X
2022112264734
2024109071044
2023111376402
2024115589440
2024114163510
202210381989X
2023101831571
202610276446X
2025114835457
2025114642581
2025113601438
2025111786707
2025111748141
2025111527844
2025110673805
2025110490503
202511029591X
2025109484658
2025109207833
2023100453886
2022107409409
2023104728680
2023112515116
2022117090118
2023104339964
2024102714762
2022107410069
2022103483234
2022104247703
202210513500X
202211682442X
202310366768X
2023108292327
2022110410740
202310411762X
2023101826696
2023110032864
2023102697137
2023102982831
2022113771863
2023101436144
2022117157917
2022115967233
2022102334868
2022107386816
2023101374326
2023118690049
2024116164005
202210792049X
2022109376895
2022112150856
2023105729892
2022114680043
2022114528703
202210579243X
2022112112943
2023100198596
2022114852707
2022115037766
2023101842805
2024105211214
2023110811261
2023104810967
2023102955020
2023106837930
2022111385479
202310343002X
2023115345600
2023115453605
202211144628X
2023103261695
2022110729690
2025120017747
2025117723449
2024110742406
2024101596985
2023111014454
2023110081023
2022116868729
2020100564141
2024116822847
2022116824523
2023102766832
2023104823416
2023103273387
2025102873015
202311765395X
2022109496401
202410656725X
2023105653785
2023112966089
2024110298595
2024113422772
2024110780380
2024114448303
202411848439X
2025100683196
2025109162654
2025111161128
2025102685976
2022104897735
2022116978856
2022117090137
2023115708642
2023109160772
2023108235983
2023102091593
202311112525X
2023108647004
2023102143687
202410056982X
2024104755979
2024108177126
2023110584179
2025107295717
2022115548850
202310462535X
2022105482289
2022105633999
2022105792533
2023113177526
2023113521398
2025104498688
2023101763432
202211267111X
2022115132243
2023113298268
2023113499074
2023114119439
2023115833835
2023103992629
2025102955566
202311623528X
2024114294659
2023115291920
2024118481423
2023115968813
2024101918635
2024100157355
202410406280X
2024100962221
2024116826636
2024111212816
2025104168902
2022116841675
2023103259888
2022110134257
2023107509952
202310684284X
202511080558X
2023103412445
2023106057144
202510016312X
2023109298231
2023110576651
2024101056826
2025114107820
2023103640738
2023105179943
2024114667758
2024116908886
2025100857588
202411922051X
2025106918138
2023116911865
2024116618309
2024119009073
2025100223898
202411840140X
2023115707086
2024109791613
2024101153934
2024106450265
2024111808097
202411262922X
2023118511068
2023118033723
2024117860174
2025106416358
2024106295058
2025116594968
2022116169885
202410752098X
2024102257856
2024101391152
202411380344X
2025101222996
2025111611666
202511046843X
2024109873897
2025100775713
2025104527981
2025113635275
2024100720684
2024101583735
2024101739781
2024102266785
2024102646182
2024103510283
2024103557078
2024104367390
2024107084552
2024111756105
2024111544563
2024114576763
2024115201793
2024115821175
2024115616698
2025101152033
2025102015423
2025106967045
202410487486X
2025108995444
2025109732268
202511179693X
2025112373383
2025114657924
2025113102001
2025116167718
2025113285515
2025113102016
2025113206602
202511122840X
202411690827X
202310579073X
2023105627598
2023110836856
2024106229380
2023109098998
2023112570170
2023113946129
2024111073175
202411427963X
2024116244264
2023110880581
2024117900769
2024119388262
2023116299031
2024105933422
2024108459423
2025100925462
2025101969788
2025106713265
2024111492681
2024115809879
202511320659X
2025114003465
2025100094134
2025116355717
2023114746064
2022109870048
2022109874636
2023103043915
2023103649376
2023100615486
202310265262X
2023103601697
2023103377225
2023103384229
2025115917401
2024103111283
2024102781930
2023105251147
2023118198779
2024119696371
2024106793848
2022115967303
2022116031856
2022116039025
2024109657614
2024111437665
2024111437684
2025103480846
2025110452126
2024114375745
2025107742890
2025108409946
202510974272X
2024106990297
2025105225851
2025113533553
202411180881X
2023112423699
2023112383418
2025107655036
202311620799X
2025104769726
2023114472596
2025101767983
2023113775939
2023117288481
2023117345249
2023110858357
202311214090X
2023111936974
202311512731X
2023114961910
2023118289956
202311798860X
2024105617656
2023106128205
2023109189713
2023109212476
2023109249235
2023110584376
2023110579560
2025106425713
202410130157X
2025100224763
2023107236353
2023101513916
2025101262993
202510036097X
2023106432262
2024105597614
202410966443X
2024109716843
202410107410X
2024101048637
2024101075850
2024113238011
2024113408972
2024116446548
2024108014951
2024107152723
2024114665998
2024104388096
2024104218771
2024112079484
2024112918855
2024112260855
2024112918840
202411226022X
202411482113X
2024114821093
2024117675686
202411711091X
2024119248981
2024116542653
202411936768X
2024116449175
2024119010028
2024119676880
2024119814842
202510099498X
2025102417277
2025109654112
2023115279539
2024110640328
2024113575710
2024113501524
2024114742176
2024116822796
2024117974847
2024118485814
2025101543446
2025110246913
2024114666562
2023113058616
2023113998176
2023113578502
2023118633224
2024101128222
2024102136211
2024101270586
2024103122451
2024101154284
2024108155216
2024106985458
2024112334115
2024114666596
2025111599700
2022112224027
202211228303X
2023107252962
2022113570934
2022113580762
2022113577609
2022114257947
2023104551568
2023104553582
2023106174415
2023106181419
2023106280382
2023105746559
2023105746332
2023106924962
2023106237359
2023105947488
2023106536967
2023106951851
2023105138322
2023107536042
2023108475775
2023108878935
2023107631780
2023107663438
2023100622916
2023100599286
2023103253345
2023102103321
2023108878812
2023116016795
2024100181937
2024100622821
2023102612590
202311770523X
202310267069X
2023106793928
2024110239309
2025112894658
2023103985998
2023104861390
2024113068928
2024108928407
2023111005084
2024100569054
2024103747706
2024107689396
2024109685667
2024114505240
2024116307386
2025103690647
2025111955921
2025113707019
2023109221259
2024108184327
2024107582435
2024109212945
2024109901365
2025106909266
2025107446948
2025113709688
2025103482381
2025113284599
2024112630918
2024101873865
2023115194935
2023118082787
2024116165474
2024107074160
2024107134443
2024109197108
2023116291294
2024109897800
2024108151380
2024109132137
2024108845457
2024118357731
2024117897982
2024119335354
2025111087986
2025111087346
2023113104968
2024100743012
202410304810X
2023113526654
2025107602522
2025111315253
2025113446112
2025112893829
2025112585137
2025113100843
2025108692827
2024102257536
202410490800X
2024109791454
2024111597518
2024113997816
2022106790592
2025111229671
2024108928411
2024114295191
2025100936109
2025106568416
2025108327132
202510972236X
2023111570934
2023110497984
2023117833435
202410233811X
2024106317428
2024106862956
2023112465066
2024108154425
2024107992637
2024108180167
2023117080356
2024102083568
2024104196429
2025112808370
2025113100858
2025112249032
2025112584632
2024100125922
2024114094328
2023106607553
2023111322563
2023107663349
2023115291954
2025106967327
2023104185190
2023104182436
202310513570X
2023105778013
2023105778263
2023102980874
2023111120345
2023115707048
2023112963767
202311079362X
2023111438752
2023113703165
2023113267749
2023113552108
2023113042641
2023109054561
2023113327735
2023109075939
2023113327769
2023115279647
2023114443413
2023113907622
2023116097646
202311661526X
2023109567670
2023108217947
2023108734110
2023110874237
2023114596334
202311500495X
2023114678809
2023116016723
2023113796352
2023117727578
2023118318639
2023115422950
2023117838496
2024105093237
2024104474710
202410593411X
2024100030551
2024105035458
202410187404X
2024105460397
2024102348658
202410258805X
2024102715676
2024107610399
2024106244060
2024106802283
202410906727X
2024109707168
2024109644807
2024108929062
2024109982080
2024113500324
2024110217210
2024107362435
2024111291555
2024114673301
2024112332374
2024112778188
2024116912909
2024115894852
2024114740132
2024114920313
2024115078587
2024115824188
2024116161882
202411616553X
202411597391X
202411702067X
2024115744268
2024117331467
2024117020627
202411670091X
2024116547144
202411900904X
2025100288962
2025100925439
2025100142265
202510107642X
2025100419441
2025100094539
2025100031417
202510337425X
2025101223005
2025101701717
2025104250733
2025104250729
2025103655164
2025104784158
2025100613583
2025102826404
2025104091402
202510476686X
2025100760370
2025103039675
2025104903585
2025102102597
2025107197930
2025106966485
2025107612420
2025107602537
2025111653635
2025110421467
2025110493554
2025110181694
2025110304798
2025111135227
2025111910691
2025111804885
2025100934550
202410030145X
2024104474585
2024104610768
2024104756897
2024111809812
2024115724353
2024115166253
2024119222661
2025103246406
2025104016651
202510682648X
202511183835X
2025113792596
2024102257593
2024101632784
2024109954470
2024113692216
2024119135146
2024118878090
2025105123754
2024104735994
2024104388166
2024107510969
2024108434125
2024109412439
2024108338700
2024109642093
2024119134213
2025101702103
2025103041251
202510319349X
2023101842701
202311205066X
2023113428469
2023117456720
202311604818X
2023114482140
2023115229385
2023117261489
2024101874001
2024102338088
202210980968X
2024101309694
2024103001086
2024103415128
2024107363550
202410941266X
2024103859237
2024118033592
2025103767066
2025103039980
202510311780X
2025106967384
2025104767720
2025109380574
2025111280911
2024109196637
2024110829414
2024113998560
2023115379077
2023113428789
2023113477520
2024103938811
2024105826952
2024106094877
2024103086968
2024102933736
2024107612746
2024108141694
2024112046029
2024113328234
202311584853X
2025103484118
2023100740999
2023102596282
2023104293053
2023105627808
202310054143X
2025111611628
202211294705X
2024112204643
2024115079325
202411527703X
2024115277044
2024116162832
2024119259670
2024119334243
2025101098560
2023109249023
2025108411823
2022115549726
2022112470445
2024101335491
2024111071748
2025113367587
2024118069293
2024118919828
202411921883X
2025101656745
2024102267326
2024106524485
202410853610X
202411082940X
2025103173829
2025106198531
2025109654663
2025107300359
2025111422950
2023110009410
2024104474763
2025102015442
2024116932230
2025107062793
202511206692X
2025110249485
2024117778343
2024103347239
2024114356354
2024114820688
2024113501454
2024108783785
2024110413786
2024101961851
2025109506411
2025110654062
2025113707964
2025113287243
2024110410487
2024110309119
2023116696820
2023100679859
202311073226X
2023118473244
2024110231468
2024110239351
2024111048050
2024110643792
2024110643788
202411076240X
2023110525715
2024105549771
2024100981256
2025102623429
2025103495659
2025103554642
2024101693044
2023111120294
2023111123343
2025110719194
2024114665536
2023117371008
2023113900411
2023115423031
2024100241158
2024107582825
2025105526365
2025113531238
2025106181850
2025106108817
2023118475042
2023118474872
2024102730765
2023118675195
202410123987X
2023113649508
2023109646615
2023113606748
2024113598360
2023116532089
2024102089988
2024111493364
2023116790610
2025112251672
2024102146092
2024106293989
2024106605302
2024106605285
2024106863003
2024107301164
2024108267584
2024113333548
2024115166516
202411467327X
2024114094332
2024113773425
2025111086343
2023107663230
2023112135988
2023112398095
2024105056613
2024106022440
2024103503947
2025105442105
2025105281565
202510440565X
2022112603004
2023102340308
2023109160927
2023111241212
2023111770998
2024100053801
2023117711917
2024103216745
2024102902526
2024102413727
2024104965619
2024108701624
2025102033173
2023116638312
2023118638105
2024106794573
2024109493648
2024106095935
2024107907348
2023107385377
2023109492763
2023102841000
202310893487X
2023110589454
2023110967725
2023111475094
2023113569734
2023112894860
2023115763762
2023116979088
2024100676624
2023113411769
202311758110X
2024101739762
2024102758614
2024101432400
2024103121497
2024102268530
2024102596022
2024101739809
2024102348681
2024104610217
2024105093256
2024103842255
2024102444994
2024103413870
2024103667788
2024103268472
2024104146059
2024103924749
2024104683788
2024106023301
2024106961701
2024103048966
2024107728051
2024109927971
2024108913420
202410896286X
2024108962817
2024111833050
2024111318825
2024111264948
2024114294112
2024110640347
2024115467405
202411857939X
2024108178773
2025100760417
202510195307X
2025101767131
2024118578912
2025104167952
2025104167628
2025104998068
2025104780208
2025102756948
2025104092049
2025103845332
2025102668148
2025103907216
2025104527962
2025105038357
2025106108304
2025105526346
2025105003447
2025108798925
2025106489645
2025107687516
2025105798726
202510706477X
2025107122597
2025107831339
202510752386X
2025111992992
2025113447948
202511049361X
2025112809763
202511361665X
2025112515524
2024103636474
2024104917189
2024105010361
2024107488024
2024108846568
2024111809244
2024112096812
2024112096846
2024113773393
2024113407715
2024113408332
2025100853290
2022113200829
2024100812544
2024118192527
2025111161109
2023101035280
2023106299675
2023105892451
2023110288635
2023112470346
2023113201262
2025106108287
2024102783476
2024102716842
202410782925X
2024109511754
2024104388325
2024114836597
2025101955361
2025105526312
2025110335546
2025115291949
2025113706266
2025113628765
2024102206144
2024101335580
2024108678717
2024115567297
2025104457353
2025112958772
2023103337020
2023113701225
2024103065798
2024106095333
2024106605603
2025104903941
2025104903937
2025104980153
2025105542480
2025112970971
2023118290050
2023117986515
2023117971543
2024110984918
2024112096795
2024111986836
2024119338174
2024119332695
2024118269020
2024119135216
2025110030514
2025113041008
2024113139887
2024113139853
2025112893814
202310445036X
2024100812489
2025102015122
2025103246389
2025103829255
202310581190X
2023110570208
2025112252374
2024111677211
2024107992001
2024108337784
2024108339154
202410815443X
2024105210103
2023106444471
202411159892X
2024119132044
2025112249070
2025113705456
202410567720X
2024107583175
202510744517X
2025107523272
2023118061969
2025106148119
2024113500273
202511281014X
2023107745832
2022115841790
2023100471653
2023103909570
2023109566038
202310963482X
202311287321X
2023112377686
2023112764424
2023114678512
2023114710880
2023112405864
2023112342615
2023118385597
2024103512382
2023107047385
2025101128496
2024115201736
202510324668X
2025103246707
2025111428143
2025112808934
2025105665940
2025109300315
2025109721333
2025110833715
2025113284616
2024108572820
2024112628585
2024112543604
2024112998807
2024116244245
2023107509755
2023112360153
2023112495729
2023103866842
2023104139879
2023109160791
2023114190161
2023113273133
2023113149102
2023113398232
2023113975511
2023113975600
2023112421941
202310425587X
2023116330674
2024110762077
2024109510817
202411254553X
2024110052608
2024114079012
2024114079027
2022113633312
2023103972536
2024116720294
2024116720345
2024116943678
2023116029136
2023116208174
2023116097769
2023116097716
2024119250799
202411826319X
2025101597997
2025102954648
2025107371246
2023115512872
2023115922059
2024111071108
2024110191460
2024111364429
2025100418699
202510531535X
2025108409876
2025111144688
2023101576262
2023101836486
2023103774484
2023103178984
2023103758195
2023102983069
2023103178700
202410799109X
2024107991051
2024108117623
2024108268765
2024108087242
2024103109885
202210162109X
2023105329527
2024102836257
2024102137869
2024108914372
2024107678033
2025100557812
2025108784867
2023117610545
2024117778856
2023112961954
2023112962533
2025108410924
2022117237413
2023102267463
2022117159359
2022114636746
2022107199631
2023110643567
2023111053105
2022115345964
2022117192728
2023112341472
2023114163323
202311458886X
2023114796913
2023115153352
2023117316335
2023117865934
2023116207896
202211634078X
2024103332712
2024112756013
2024113410262
2024115078924
202411644756X
2024105187906
2023101041347
2023101092156
2023101763470
2023101747001
2023102340859
2023102889476
2023103206306
2023105409470
2023105672625
2023105368733
2023105724653
202310581754X
2023105800229
2023105986891
2023106474602
2023106122586
2023106798917
2023107443442
2023107745796
2023103429643
2023103914210
2023103876505
2023104396238
2023110525630
2023110874523
2023109701608
2023110940968
2023109714650
2023109966967
2023110238049
2023112221292
2023111227770
2023110661739
2023111366909
2023109298227
2023108934865
2023108734017
202310852632X
2023118173095
202311645704X
202311352953X
2023114085165
2023117438629
2023114288969
2023115345598
2023115543743
2024100666887
2024103194233
2024110038988
2024111365084
2024111655034
2024107133953
2024110986129
2024108760891
2024110780361
2024114765360
2025100695475
2022113705787
2024102267843
2024103346575
2023110739786
2023100501377
2025101967833
2024115647431
2025111910757
2023112139550
2024119250746
2025101701469
2023109160861
2023109160876
2023110254624
2023111367051
2023113907853
2024101115468
2022103667505
2022101291507
202210215857X
2022103556358
2023110302473
2024115896896
2025101220651
2025112268546
2023101764952
2023104396242
2023104997808
2023107820636
2023108610071
202311078873X
202311658902X
2023109160842
2023109254515
2023110643533
202311052565X
2023111294050
2023110666696
2022113860142
2023114132221
2023114949783
2023118015994
2024108087238
202411023103X
2024112080886
202411134108X
2024111436982
2024111809278
2024113692269
2024116635605
2025104599000
2025106419394
2025109163568
2025109370996
2025110654077
202511145724X
2025112961351
2023106255959
2023104519952
2023106240629
2023106167411
2023107509914
2023109298072
2023110497999
2023112496168
2023110644911
2023112299723
2023112463234
2023114586101
2023114868076
2023117545175
202311760703X
2024102793514
2024103413866
2024106399019
2024104474674
2024109196675
2024107074758
2024108117642
2024106864519
2024111074144
2024113500930
2024113774108
2024113238064
2024114521474
202411507852X
2024116238757
2024118877581
2024118602998
2024118193479
2024118992908
2024119109809
2024118168053
2024118923984
2024119109851
2024119518196
2025103481707
2025103806287
2025105124456
2025105368319
2025104598671
2025111540035
2025111804917
2025111086358
2025110818611
2023105922940
2023107686942
2025102247789
2022111774509
2023102838205
2023116097519
2023116978846
2024102484421
2024103637547
2024103048970
2024103415109
2024102067033
2024104125743
2024104197474
2024104125777
2024105269624
2024104736639
2024104490573
2024104330818
2024106864538
2024105294541
2024106449037
2024107436706
2024109132141
2024100692839
2024104609027
2024119334281
2025101263267
2025101363852
2025101436957
2025101768191
2025102102027
2025106259431
2025105798590
2023102593015
2025110331314
2023111819491
202311102409X
2025107063404
2025108996112
2024119008193
2025103011716
2023114940810
2022115032283
2023100558962
2023109075869
2023110523885
2023109634694
202311121655X
2023110801240
2023110941138
2023110941123
202311096822X
202311209409X
2023112196093
2023110370201
2023112513360
2023102752685
2023100696708
2023106829741
2022117416790
2023112514310
2023112572814
2023113998138
2023109894225
2023109718666
2023114261487
2023113698152
2023113065164
2023112021243
2023117865347
2024100031959
2024100031535
2023118146473
2024100030424
2024100031450
2023112700757
2023113359238
2023113133373
2023113133123
2023113552076
2023113428670
2023113551020
2024100928860
2023113724674
2023113997775
2023116911738
2023113900233
2023116911776
2023114083206
2023114225372
2023114163234
2023114163465
2023114163253
2023114519037
2023114743649
2023114679021
2024101632731
2023113639205
2024100107144
202410011298X
2023115708591
2024109706748
2024111049053
2024111071061
2024110828943
2024110828939
2024111072365
2024111493684
2024111071729
2024111264223
2024111367234
2024111263860
2024111598949
2024111756567
2024112274025
2024112481877
2024114765411
2024113328164
2024115568919
202411460265X
2024111491848
2024114150737
2024114152836
2024115295822
2024118693357
2024117600251
2025108591760
2025110092633
2023110089792
202311157085X
2024102013762
2024108339629
2024116162809
2024117675703
2025110090943
2025113615888
2025114490926
2023115768709
2025102975165
2025107901079
2025112587274
2022116565779
2024111987561
2024111987627
2024112407224
2024113598318
2024113773410
2024114602128
2024114079648
2024114829409
2024115801843
2024116452426
2024116082429
2024117360135
2024117601080
2024119255769
202411938821X
202411869474X
2024119501852
2025101223151
202510107635X
2025101544947
2025102546032
2025102280467
2025103320781
2025105824025
2025107064750
2025106572568
2025106489594
2025109986476
2025109799130
2025109947575
202510979915X
2025109371433
2025109874841
2025105315398
2025104656395
202510483480X
202510382394X
202510520101X
2025103454998
2023118571321
202410035658X
2024109956550
2025103483153
202510349563X
202410956535X
2024109345580
2024105269554
2025104167242
2023104705833
2025105009000
2025107286008
2025110958477
2024104907685
2025106569921
2023110996963
2023116633713
2024100032129
2023118508506
2024101934341
2024101127520
2024101625738
2024102110724
2024103727581
2024107202811
2025100427452
2025101767146
2025101879866
2025103116436
2025106485396
202510656837X
2025107654531
2025109578570
202511313050X
202510022473X
2024118727616
2025101092719
2025112250203
2023107083150
2023106208002
2022103832911
2022113289688
2024105034120
2024105538226
2024106228890
2023115365750
2024111579702
2025114233895
2022116731904
2022116952517
2023107514289
2024119565322
202310173595X
2023113618675
2024105537740
2024103926208
202511131522X
2025101220670
2025102607727
2023117064584
2022114565929
2022117091835
2022116582736
2023105761366
2023111398685
2023112463215
2024107202421
2024112849111
2024117975337
2024117777035
2024103097820
2024102715695
2024102998105
2024102596041
2024104198142
2023112096856
2023116696835
2024103842202
2025107156748
2024109809674
2023114289374
2025108782359
2023100719610
2023104337719
2023104276842
202310427753X
2023111448025
2024113610201
2025108996979
2025109580087
2025109579709
2023101840087
2023101840104
2023117415909
2024101274676
2024110398678
2024111285130
2024111491871
202510154876X
202510618028X
2025109507062
2023107047328
2023109184739
2025108589614
2025106884061
2024109493671
2024118847660
2022112871277
2025103555787
2025113365806
2023115418457
2024111123827
2022117417632
2022117274291
202311009368X
2023114345849
2023114564314
2024100666976
202410790699X
2024109979800
2024115412934
2024119717490
2025103338728
2023118031018
2024101261356
2024100113516
2024106293599
2024104345832
2024112204588
2024101492774
2024103330990
202410326803X
2024112460419
2025103822684
2022108371023
2022116126767
2023107038935
2023109645877
2023110160612
2023112983366
2023112137771
2023110391208
2023112343016
2023114044413
2023115876690
2023115883872
2023115387571
2023115206383
2023116573303
2023117235501
2023116407360
2023118066661
202410271390X
2024107830435
2024108783821
2024108783041
2024109053671
2025107904768
2025103118287
2025114729049
2023101041239
202311392211X
2025106567790
2025111910051
2025104624869
2025118437181
2023116549111
2023117080534
2024109510323
2024110399454
202311317642X
2025101363994
2023101475079
2023115194831
2023117815988
2024115588363
202411482272X
2023102009847
2025107524326
2025107371867
2025113990775
2023113847890
2023113885801
2025109653726
2024103050097
2024116912858
2024118263946
2025104094133
2025100223953
2025106334381
2025111838379
2025109167516
2025109163106
2022107636582
2024107906754
2023104597769
2023115105950
2023116337048
2024118265138
2025100223972
2025102247774
2024110053102
2024111522916
202411152294X
2023116805692
2023117627315
2023117627283
2023117001246
2024104197421
2024104607892
2024107370747
2023114564189
2023114564206
202311493675X
2023114936834
2023115040621
2023117042871
2024104331670
202410428227X
2024104331666
2024105988209
202511141286X
2024117735329
2022115967322
2023101787456
2023106319490
2023105260076
2023107236404
2023103031706
2023107313082
2022111758101
2022111380920
2022111660688
2024105817737
2024113461955
2025100958428
2025114235392
202510507337X
2023113012472
2023112242180
2025100030984
2025104624888
2025104835817
2025107197837
2025105225353
2025110032469
2025110765027
2023107643650
2023113499303
2023114059071
2024113327335
2024115743585
2025101324701
2025100418792
2024117894984
2024116447555
2025104391695
2025105798745
2025105798586
2025113708454
2025116149832
2023113270864
2023116790714
2023114190439
202410987425X
2024110501005
2024110501024
2024112332961
2025103319619
2025103319286
202310301803X
2023110696901
2025105280420
2025108089825
2025103822701
2025113528625
202510206315X
2025104251079
202510824621X
2024106390828
2024116718218
2024116718190
2025109798674
2023117231981
2023115402872
2024100928964
2024119215545
2025106416292
2023106993337
2023105026384
2022112946733
2023100906922
202310093339X
2024107610327
2024109567783
2024109897834
202311771206X
2023117833401
2024107853013
2023111848371
2024103666041
2024103666111
2024116945300
2024115723134
2023111713942
2025103337852
2025105896339
2024118784500
2024116932226
2024117676547
2024119370381
2024119369257
2025101543056
2025102685995
2025105897596
2025112269869
2025112515505
2023109757764
202311356972X
2024115810645
2024116408048
2024116211561
2024106094720
202410518842X
2024105948076
2024106446664
2024111511536
2024106960200
2022117195764
2023114550557
2023104546911
2024111654506
2025113284669
2024116405355
2023113126577
2024105605201
2025112585584
202311848334X
2023109190458
2023111432718
2023110850124
2023110849907
2023115469162
202411226216X
2024113058574
202411501434X
2023108764949
2023108767133
2023108371899
2023110661688
2023116252923
2023117371544
2023117833242
2023117523424
2023117371120
2023116912020
2023118510968
2024102780660
2024106448157
2024114448286
2024116911342
2024117859317
2024118579934
2024119024016
2024119818788
202510248734X
2025102487369
2023110089754
202311758368X
2023118066642
2024115742845
202411981874X
2023110782038
2023110643478
2024102372924
2024109791632
2024119256494
2024116240422
2024118692373
2023109114257
2023110523902
2024103414553
2024103347845
2025105304571
2024101419213
2024110848684
2024110847516
2024110847925
2024111215072
202411084680X
2025113205027
2022107788689
202310320633X
2024102377345
2024104966683
2024112576561
2024115724349
2024106367361
2025103805388
202410720239X
2025111228467
2025112250218
2025111910070
2021116501823
2025110674329
2025110674263
2022111845881
2022115717897
2022115883011
2023100971832
2022111842582
202211184567X
2023103643986
2023103933207
2023105147251
2023105151045
2023103942121
2022115611252
2023106355798
2023110274149
2023113480966
2023118537212
2022117354737
2024117861675
2024117374782
2024119214754
2024118358645
2024118706501
2024118482676
2024117971868
2024118876216
2024118995018
2024117531980
2024118168068
2023113357406
2023117098805
2024113500305
2025106885628
2025107745738
2025105957830
202510891181X
2025112517549
2025113040433
2024102999451
2024101262715
2024106524837
2025113204043
2022113482577
2022113722439
2023107334553
2023106842214
2023106302517
2023108209122
2023113533338
2023115555562
2023113665604
2023114338506
2023114294175
2023115737363
2023116060618
2023117766464
2023116287316
202311802880X
2023116532271
2023115685195
2023117493749
2023117008546
2023117098824
2023117888993
2023117217170
2023117559661
2023117291319
2023113685006
2024102902649
2024102014252
2024102783137
2024103192562
2024104756399
2024103415522
2024104532237
2024104983566
2024103269333
202410639258X
202410519028X
2024106552822
2024106629788
2024108433724
2024108536129
2024107226182
2024107446407
2024107831584
2024109735488
2024108277834
2024108761555
2024108927777
2024108181850
2024109707149
2024109736461
2024108761964
202410964580X
2024111511555
2024109808718
2024110039656
2024109735670
2024111512083
2024110924495
2024111340994
2024111342792
2024110760974
2024111807107
2024113575034
2024115109636
2024109899789
202411226248X
2024115395534
2024114294644
2024114356157
2024112544630
2024116408052
2024117361532
2024115490261
2024117112900
2024115395549
2024117376275
2024116934147
2024118357727
2024118604279
2024119645929
2024119498417
2024118165943
2024119370377
2025102179565
2025103117829
2025104779573
2025104980986
2025106907735
2025105369114
2025105149275
2025105200549
202510681605X
2025107287496
2025105369152
2025107446191
2025108412296
202510879389X
2025108244750
2025105637527
2025108286518
2025108247759
2025110468389
2025110104306
2025110245554
2025110246260
2025110764096
202511076560X
2025109941117
2025111601221
2025108327096
202511057794X
2025111230081
2025111675155
202511180520X
2025111087967
202511225324X
2025112739154
202511191947X
2025111805002
202311393529X
2023113606521
2023118206385
202311813016X
2023117579561
2024106143638
202410696015X
2024109133341
2024114527023
2024113239866
2024115491870
2024115490308
2024113059079
2024119337595
2024117148071
2024117860206
2024118692405
2024118921917
2024119250002
2025108799006
2025108588611
2025108996485
2025110903629
2025113994649
2025113203996
2024118485797
2023109039148
202310934769X
2024118518377
2023112894856
2024104682662
2024112998898
2024118781589
2024114910716
2024114503387
2025106490604
2023117299895
2024117533030
2024119689005
2025100859085
2023116425439
2024117214092
202411945721X
2025102224630
2023107153223
2024111596587
2023117206161
2023118557767
2023114710823
2024111214474
2024111203376
202411208154X
2024111599778
2024114931534
2025102108540
2025101967373
2025106498837
2025106417134
2025106180275
2025111230113
2025112252389
202511160013X
2024119115462
2024101429643
2025109070192
2023113772216
2025113530377
2023103595817
2023110498012
2023115453840
2024102013781
2024103110882
2024103268059
2024104754730
2024107990434
2024108247330
2024108914404
2024110847906
2024115078568
2024114375196
2024117114268
2024118783480
2024117601945
2024116406714
2025109653707
2024118032532
2025102608753
2023107066920
2023115643968
2024102605977
2024104284078
202410579001X
2024114151212
2024110846814
2025100494137
2025109299873
2024117214872
2024119254569
2024119254643
2023117787795
2022110892300
2023105061636
2023105230460
2023108040970
202311071116X
2023109952220
2023112824270
2023112290080
2023113649438
2023111297650
2023114395246
2023115833869
2023115921959
2023118030975
2024102780887
2024103346556
2024103869775
2024103046956
2024103046994
2023111713779
2024104986795
2024102137888
2024105549748
2024106685580
2024106393582
2024108155184
2024108117587
2024110551199
2024108914847
2024110552454
2024110912182
2024109806695
2024109955666
202410995569X
2024110296195
2024111365101
2024110912695
2024112627898
2024112757016
2024114384265
202411693218X
2024118395377
2024119501890
2025100994994
2025103806624
2025103907201
2025103656773
2025103905371
2025105201700
2025105123947
2025105038361
2025108782861
2025108701084
2025108784918
2025110030533
2025109508633
2025109654659
2025112449255
2025110026472
2025110087122
2025113205012
2025111835169
2025110904208
2025111994076
2025111993374
2025112961328
202310933109X
2025112584670
2023103018082
2024119507172
2024118265176
2023108077000
2024104531785
2024106961735
2025111994019
2022114714637
2023103459653
2024111654008
2024110761430
2024112756992
2024118268225
2024119220492
2025108995459
2025111427865
2025110181783
2025110255537
2025112739135
2023114341180
2023114447306
2022114408059
2022115572597
2023106170861
2023113176449
2025105895213
2025107654546
2025109438289
2025111033261
2025109721348
202211320154X
2024105033749
2024106160826
202410631812X
2024106879213
2025106501308
202510657559X
2025107380828
2025106918161
2025107745691
2025108591065
2025110091791
2025111174471
2023110803212
202410363646X
2024107906970
2025104768418
2025106333957
2022114538298
2023106478567
2025109162669
2025103246957
2025105543163
2025110764113
2025104317697
2023110370131
2024112560830
2025113531774
2022113992137
2024105676391
2024104683716
2024100676465
2024106877218
2024114820654
2025112746868
2024111639313
2024111775394
2025100491656
2025104405683
2025104405700
2024100114167
2023110358591
2023110783168
2023113448814
2024100031501
2023116979124
2024116760959
2024116765967
2022116841637
2025111805089
2023110343191
2024102551002
2024103842274
2023110115373
202310705450X
202311616272X
2023116696784
2023118576880
2025108510918
2023118385544
2025101503468
2024102136673
2024103421932
2023117359379
2025105038319
2023117581059
2023117581148
2023117705278
2024100513129
2024103412365
2024104558097
2024109806750
2024114375764
2025100345109
2023112566391
2024104330339
2024109211783
2025108912969
2023102311625
2023102129124
202310646952X
202410214918X
2024104819171
2024112332410
2025112372319
202510958556X
2025109585536
2025111174490
2023111570883
2023111216494
2024108018204
2023100562440
2023116678729
2024109663973
2023104274067
2023105714365
2023117371582
2024100485275
2024103667735
2024110411634
2023114059029
2023117172521
2025108591775
2021100684843
2021100697542
2021101517072
2023117523458
2023117815969
2023118062177
2023116997315
2023118318696
2023107585157
2023115968705
2024107991441
2024116245303
2025109438541
2025111534922
2025111006476
2025111599575
2024113832866
2025106656648
202411492092X
2024100418406
2023116016704
2025110578016
2024113059810
202311709458X
2022116428610
2022116582149
2024116001366
2024116618328
2024119643783
2025100141934
2025100557899
2023118573219
2023118530105
2024103198465
2024103421400
2024104532222
2025110305019
2023104596465
2024112260234
2024104844987
2022111446148
2024107437111
2024106395910
2024106395893
2024109511788
2024114533185
2024118707330
2024118708422
2025105824044
2025105287063
2024113241635
202411306137X
2024103925559
2024113420993
2023101900590
2025109444913
2023101750790
2023116790589
2023115675954
2025103807275
202510555596X
2024107833166
2025100696092
202510365515X
2023108009681
2024117969675
202411558833X
2024119815633
2025108246830
2024101345845
202411600139X
2025100288939
2025100926338
2025107830707
2025106565032
202510761237X
2022116132414
2023109879723
2023118497963
2024112756047
2023102491577
2023108480769
2022105482698
2022105482683
2022115032404
2022115322784
2022113468809
2022112271723
2022112539239
2022115082761
2023101106089
2023102105990
2023102169668
2023105841587
2023105081841
2023107334661
2023110044664
2023100198280
2023100198505
2023100205405
2023111876738
2023112290146
2023112290095
2023112421937
2023112528154
2023113712094
2023100198651
2024100816865
2024100053727
2024101010409
2024100053765
2024103002163
2024100450045
2024103002159
2024103123346
2024104198176
2024104736446
2024105617641
2024106294568
2024105617660
2024106161320
2024107832746
2024108857613
2024108857581
2024111598031
202411964463X
2024117213117
2024118994246
2024119218276
2024110828962
2024111072647
2024116406697
2024118691559
2024118580575
202411887751X
2024110829931
2024116911323
2024117531957
2024118357426
2024117858776
2024118515595
2024118393418
2024111599759
202411565130X
2024119505849
2024111074106
2024111659590
2024116700017
2024117699360
2024111886791
2024117975360
2023111308104
202310990811X
2023114190602
2023103641618
2023105327381
2023100345631
2023101112179
2023104457778
2023112289990
2023112349633
2024100113412
2024100113408
2024100113450
2024100418444
2024100068309
2024100127400
2024100793242
2024100606369
2023117364305
2024100812597
2025101233399
202510348168X
2024117532428
2022114150155
2022114104157
2022101519265
202211363827X
2022109613388
2022114284893
2022114450639
202211267094X
2022113633350
2023102143742
2022110850562
2023100719540
2023100934369
2023103381358
2023103178611
202310172030X
2023102268324
2023104705886
2023102983035
2023103732689
2023103782067
2023104600899
2023104537734
2023103340201
202310420765X
2023106758411
2023104322287
2023103182551
2023104811955
2023107599573
2023106902338
2023108454317
2023107584898
2023108154399
2022104883817
2023107656294
2023109701881
2023107801955
202310865654X
2023109562554
2023109701858
2023105224544
2023107643684
2023104537306
2023108301627
202310823066X
2023109934504
2023110188533
2023110188552
2023110732310
2023112505082
2023105927592
2023105922137
2023105994578
2023106055647
2023113133212
2023112790043
2023112423078
2023113168118
2023113347739
2022109821889
2023113975494
2023113118890
2023113907641
2023112725487
2023114097459
2023113975649
2023113134291
2023112726884
2023113998049
2023114097463
2023114954048
2023115106188
2023114586116
202311582486X
2023115711363
2023105153248
2023116254308
2024100118505
2023106294012
2023114679159
2023106190066
2023106167746
2023105844388
2023106197506
2023115053369
2024102854838
2024103729873
2024104682681
2024106879849
2024107602161
2024106244018
2024106393544
2024107602725
2024106391638
2024107612924
2024108433743
202410687975X
2024106449018
2024106878738
2024108362822
2024108679404
2024110068019
2024109590262
2024108857524
2024109347321
2024108278061
2024109053722
202411246057X
2024118992857
2024119218242
2024119457370
2024111048690
2024111201879
2024111343441
2025101828794
2025100775681
2025102101467
2025102152897
2024115812636
2025101953050
2025102014399
2023115727588
2025102224503
2025102487763
2025102416414
2024112545559
2024113141209
2024114294131
2024116240969
2024116701518
2024111887031
2024117331749
2024116166829
2024117990074
2024116448416
2024117114253
2024119642865
2024112756032
2024117990021
2024116910481
202411789659X
2024111833008
2024112999335
2024118693342
2024118358081
2022114184024
2023100603559
202310380455X
2023105672593
2023105426885
2023110289905
2023109646028
2023113781751
2023114070244
2024104838384
2024107583160
2024116909751
2024116617645
2024114665485
2024118193464
2023100993780
2023100585955
2023108433927
2022112016359
2022107520270
202310957829X
2023117515451
2023114058933
2023114058929
2023114003678
2024102595886
202410510748X
2024104839029
2024105760160
2024107830914
2024107830948
2024108184933
2024119833078
2024111446804
2022101466639
202211532277X
2022116034144
2022116069251
202210995056X
2023104671663
202310509223X
2023104992397
2023106772902
2023107884500
202310689892X
2023106921682
2023107390214
2023107872151
2023107643561
2023108171638
2023100326537
2023100324298
2023113130958
2024106878649
2024108187077
2024108187043
2024109827278
2022108736855
2022116126748
2023117060973
2024102221572
202410222113X
2024101124965
2024106143657
2024106161725
2024106248235
2024106161710
2024107436405
2024107679426
202410767871X
2024119679126
2023104964240
2023102079924
2023109539420
2023109160819
2023113662095
2024102588149
2024106096336
2024109808309
202410876195X
2023102195569
2023102111883
2023102284810
2023102307210
2023102401049
202310195901X
2023101958981
2023107846462
2023109854336
2023109854548
2024101335434
2024101625687
2024100635520
202310784666X
2024101632869
2024102013743
2024107832089
2024108184238
2024107454545
202410956623X
2024109516921
2024107832375
2025102153118
2024111745295
2024111745350
2024112681568
2024111441745
2024113692273
2024112827502
2024112340101
2022112495828
2023112287158
2023112287995
2023117861327
2024102588134
2024107133309
202410758283X
2024109808296
202410826757X
2024110760423
2024111202320
2024117897287
2025101828239
2022109362958
2022111155316
2022114934213
2022114057175
2022114778893
2022114023287
2023104768743
2023104769498
2023105915720
2023109584318
2023101346453
202311276441X
2023112815572
202311270087X
2023112698352
2023118576912
2024104531817
2024103202901
2024106793227
2024108579603
2024110068396
2024110068432
2024108913399
2024110069026
2024108269039
2024111048417
2024112919379
2024113140776
2022107521201
2022107631818
2022107355767
2022108512498
2022108874499
202210868631X
2022108858439
2022109471211
2022111520536
2022112016950
2022109936261
2022112313270
2022114104373
2022116113540
2022115535776
2023102424708
2023101436515
2023102195728
2022115572506
2023101436445
2023101436479
2022116979789
2023101652815
2023101875654
2023101621910
2023103358690
2023104553578
2022103164366
2023102047514
2023104519596
2023107889307
2023107012988
2023108786558
2023108528753
2023104954376
2023105368837
2023109460813
2023110391119
2023106215788
2023106293984
2023106238900
2023108339963
2023110497753
2023105427962
2022108911619
2022109062008
2022109356209
2023112997049
2023112820195
2023113270879
2023114003625
2023112879080
2023112921548
202311383258X
202311474884X
2023111686339
2023113020534
2023113703080
2023115886298
2023118330024
2023118576876
202410196213X
2024101934040
2024101934002
202410220620X
2024102221159
2024101933993
2024102204990
2024102205014
2024104558010
2024104919536
2024104409961
2024104623081
2024105605184
2024107763093
2024106395126
2024106451588
2024106984099
2024107461252
2024104558059
2024105826929
2024105826859
2024107153302
2024107153321
2024108179210
2024111677438
202410808991X
2024108184967
2024109566920
202410928325X
2024109901469
2024117020701
2024113251868
2024111048402
2024111366918
202410213713X
2025112518293
2024116617607
2024119024069
2024116808055
2024118358062
2024113408949
2024119457385
202411983494X
2024118293458
2024111364467
2024111364518
2024119835016
2024119223325
2022115402666
2022109950470
202410817923X
2024108183447
2022107140106
2022107931992
202210798731X
2023100632833
2023101826535
2022114714980
2022114478583
2022116112694
2022116305841
2022116305428
2023102764907
2022108032912
2022110731703
2022108789689
202210883562X
2023100545873
2023102143846
2023111282960
2022112408641
2022112408548
2022112408868
2022112409080
2022113705433
2022113705753
202211374129X
2022113714150
2022115654224
2022115654243
2023102195573
2022116841783
2022112409127
2022116951196
2023118381346
2024101983244
2024101983225
2023105011938
2023104847938
2023106006443
2024102246813
2024102246851
2024100606458
2024105387692
2024103847460
2023112151938
2024104983725
2024105747700
2024107152704
2024109645674
202211684168X
2023103206293
2023103017997
202310730765X
2024112999369
2023110661669
2023113477681
2024104267778
2024116806793
2025105798425
2025113041031
202410964693X
2024109646361
2024109646925
2024113998541
2024104267710
2025106489166
2025106489147
2025106745270
2023105431898
202310581056X
2023105584855
2023106053834
202310682382X
2023106053800
2023105431972
2023106815293
2023108292365
2023109184349
2023110391778
2023115010113
2024102588011
2024103347830
2024100048540
2023108367728
2024109896954
2025100683656
2025104691420
2025110959126
2023116943175
2024101552262
2024101261318
2024102643432
2024110849102
2023112221269
2024109412231
2025102327980
2024104196804
2025100936151
2024114148811
2025106180646
2025112083836
2024115567282
2024112111992
2024117861054
2024107073613
2021113657651
2025101881813
2025104030470
2025107646573
2025109723606
2023107497194
2023109360213
2023114083070
202311519504X
2023115561811
2024106629580
2024113242271
2024116616958
2024117699303
2024118168782
2024118706465
2025112083840
2025113998207
2025113635063
2024104415093
2024104145249
2024103822105
2024103434519
2022114104424
2023101952383
2023102750533
2023101691843
2023103512744
2023103038777
202211170164X
2023106114908
2023108309027
202310975133X
202310845725X
2023106509620
2023110742628
2023116132368
2023115969869
2023115908668
2024100105026
2024100048396
202410099611X
2024101961921
2024100031520
2024100031516
2024101498817
2024101305142
202410162964X
202410213625X
202410383078X
2024102014619
2024103420836
2024103711776
2024106498688
2024106586142
2024109662608
2024109707172
2024113776033
2024113240242
2024113407683
2024114356119
2024114356369
2024116612800
2024117360671
2024118876220
2024118072366
2025103807735
2025103260634
2025103320777
2025103657687
2025103554943
2025103497832
2025106041959
2025105316136
2025110257369
2025110091274
2025110420426
2025106815273
2023109381648
2023111847260
2023110383165
2024110552492
2025105897187
2025105959643
2024110039675
2025102033421
202510209940X
2025105530040
2025104906390
2025105542476
2025104626099
2025104835465
2025104906418
2025110501847
2025110654823
2024107763106
2023113892398
2023113892345
2025111006828
2025112660161
2025112376911
2023114091734
202311515806X
2023115365680
2023115486219
2024101056722
2024101091317
2024100955849
2024100628993
2024101632816
2024104736450
2024103728743
2024104266510
2024110191846
202410995657X
2024112205311
2023103361833
2025103658285
2023111308091
2023111425625
2023112242104
2023115710229
2023113327650
2023113327608
2023114190091
2024113000677
2024112460550
2024115493518
2025104768371
2025111033219
2025112371496
2025111600479
2025111676800
2025111676849
202510965336X
2024113060907
2025104472851
2024110214778
2025109163093
2024102595922
2024100793238
2024101419181
2024101248084
2024103872871
2024103729820
2024104531107
2024108996118
2024111654987
202411275648X
202411733172X
2024117530441
2024117531209
2024116721865
2025101264734
2025101597978
2025102902889
2025103823348
2024117858225
2025108793870
2025112808347
202410483837X
2024105460518
2024117533011
2024118072347
2025108082686
2024106537907
202511265947X
2022116305485
2025112808436
2023110732202
2024103269371
2024107511764
202411143830X
2024111286133
2025106487160
2024106958554
2024108914423
2024115974202
2024116908937
2024119500474
2025100419920
2025101967388
2025102328659
2025102758040
2025103906694
2025105287044
2025105443432
2025103823954
2025105282214
2025105529715
202510538770X
2025105282197
2025108707841
2025106490267
2025109873995
2025112585160
2025111534320
2022109691654
2022117090014
2023107486819
2023107631742
202411003943X
2024110051982
2025112738005
2025115895402
2025112960433
2023115822084
2025110658190
202410800230X
2024108002314
2024112460438
202410636835X
202410785316X
2024116447409
2025115462105
202410226735X
2024100693028
2024116575040
2025112517515
2025112959845
2025101701473
202410616085X
2024106367380
2025103657704
202510783029X
2025103655840
2024103938915
2025101881264
2024107283753
2023116984071
2023102449349
2023115051310
2024103421383
2023100541514
2023108939159
2024115649812
2024118935680
2024103122911
2024104668186
2025110246862
2023114472609
2024110691813
2025108520093
2024100030481
2024110827762
202311355104X
2024110412425
2025106051005
2024101745320
2021800975442
2025101294462
2024106390762
2024119641612
2024119008174
202311808949X
2023116253042
2023113350977
2023115435791
2024107283429
2024110214797
2024111437006
2024115166304
2024114502810
202510217957X
2025110089522
2025108701099
2025112897995
2024118994975
2025105073454
2024102090010
2025110958424
2024110567341
2024119110651
202310656229X
2023100324194
2023117515517
2022114316540
2023103264570
2023107174588
202311507733X
2024117532432
2023109492689
2024100482915
2024110218514
2024110069011
2025101010418
202510210260X
2023101651333
2023115081477
202410698407X
2024110038973
2024119679198
2024104267388
2025100683637
2023102032538
2025102255662
2025101952467
2023103311586
202310924963X
2023108129768
2023115727569
2023117080445
2023117202368
2023117711809
2024115365789
2024119371115
2024119645878
2024116933178
2024118935695
2024119717414
2025105966435
2024108247307
2024108572055
2025106651964
2024107931563
2024107931544
2024116393381
2023114695221
2024111123437
2025103398432
2022115549393
2022117329966
202211685267X
202310110028X
2023106602333
2023111848348
2023112311443
2023112649036
2023111336674
2023111484642
2023111242183
202311174055X
2023115345189
2023115723500
2023115064753
2023117419011
2024100125890
2023117773167
2023116166646
2023118268663
2024101049682
2024101051184
2023117727563
2023118689963
2024103728828
2024102595918
2024104215769
2024102713882
2023118574419
2024102550936
2024104967991
2024106524841
2024107603431
2024105888978
202410594895X
2024107370728
2024109066544
2024108982558
2024109492274
2024111214578
202411644918X
2025100775037
2025100846494
2025101954250
2025101407600
2025102488179
2025102975254
2025103555753
2025104769711
2025104015292
2025105530036
2025108784180
2025110579771
2025109163534
2024103413194
2023109742839
2024106293546
2024103267412
2025113888565
2024100286337
2024102412423
2024104015103
2024118918312
2024118920331
2023113327576
202510149613X
2024100918017
2024108434110
202510295559X
2023102282868
2023118464334
2024105342691
2024105275112
2023109048202
2023107154048
2023107443813
2023107908399
2023115365731
2024107511406
2024108247716
2024107457172
2025111804870
2025111006495
2025112268565
2023116208028
2024102780641
202410876149X
202510391855X
2024108983724
2022106294766
2025111230772
2025112517318
2023100643081
202310107940X
202310095706X
2022114779044
2022111517092
202311490201X
202311549694X
2023116889382
202410032022X
2024100379986
202410319607X
2024100113145
2024105790414
2025106334432
2024110040066
2025103735120
202510401524X
2023113201169
2024110218444
2025107743728
2023100371068
202310647843X
2023105399356
2024100391085
2024112561462
2025102016360
2025111675916
2021111236287
2023109168115
202411450283X
2024119108717
2025101076398
2024102643324
2025113791038
2023112021525
2023112309231
2023111847237
2023112140859
202311230941X
2023112309195
2022108056156
2023112021578
2023114697621
2023115195162
2023115908757
2023115010170
2023113499093
202311578562X
2023115785687
2023115659720
2023114796928
2023114550415
2023114697655
202311469519X
2023113641192
2023117111481
2023115785526
2023116532229
2023117809830
2023101627298
2023101896415
2024100743169
2024100606424
2024100918996
202410313073X
2024111655439
202410105678X
2024102607949
202410112659X
2024117036644
2023106125315
2023112242246
2024118719272
2023115172141
2024119505783
2023105351234
2023113510834
2023102696986
2025119024608
2025117685165
2025117575485
2025117500309
202511736045X
2025117301663
2025117084642
2025116610053
2025116610068
2025116610087
2025116070303
2025116073087
2025115799674
2025115799706
2025115373332
202511538082X
2025115380834
2025115380783
2025115380707
2025115353606
2025114407986
2025113701879
2025113122749
2025112814988
2025111516159
2025111522817
2025111381522
2025111088334
2025110870729
202511087070X
2025110641113
2025110641081
2025110557058
2025110100894
2025109847789
2025109847755
2025109802684
2025109577332
2025108887755
2025108745684
202510874567X
2025108745561
2025108773330
2025108704580
2025108672429
2025108406045
2025108405983
2025108406098
2025108375757
2025108289018
2025108220027
2025108162229
2025108048581
2025108087938
2025105295996
2025107902917
2025107817859
202510781783X
2025107817810
2025107756291
2025107610001
2025107610266
2025107422252
2025107422271
2025107163192
2025107163258
2025107163239
2025107170660
2025107044850
2025106983508
2025106990323
2025106707175
2025106461616
2025106095412
2025106114517
2025106018276
202510529601X
2025105336214
2025105133775
2025105127609
2025104621076
2025104575877
2025104318914
2025103790024
2025103331875
2025103262841
2025103097721
2025103163297
2025103097702
202510261876X
2025102549666
2025101857180
2025101796327
2025101387170
2025101387151
2025100850095
2025100599088
2025100470700
2025100507298
2025100422815
2024119763658
2024119625130
2024119643444
2024119446215
2024119477181
202411930621X
2024119252065
202411897839X
2024118989784
2024118692195
2024118469578
2024117886776
2024116914552
202411551468X
2024115524728
2024114496203
2024113759216
2024113234171
2024113107180
2024112808696
2024112161120
2024112079272
2024111811070
2024111722109
2024111708262
2024111630997
2024111631059
2024111432657
2024111397282
2024111284208
2024111260699
2024110960595
2024110912144
202411089054X
2024110768266
2024110625099
2024110386191
2024110400131
2024110421640
2024110270142
2024110030558
2024109778055
2024109524754
202410942414X
2024109353924
2024109041496
2024109041424
2024108834081
2024108834109
2024108760088
2024108651112
2024108422429
2024108170771
2024108099343
2024108135833
202410813502X
202410805895X
2024107889655
2024107605780
2024107508511
2024107491455
2024107423903
2024107207158
2024107213727
2024106778443
2024106596657
2024106425032
202410631315X
2024106128479
2024106128445
202410607815X
2024106088429
2024105872128
2024105528281
2024105492237
2024105174179
2024105217846
202410494795X
202410501047X
2024104628225
2024104483137
2024104197760
2024104073927
2024104050107
2024103654468
2024103470820
2024103392126
2024103188124
2024103174511
2024102830458
2024102397137
2024101872858
2024101669030
2024101569827
2024101386188
2024101097629
2024100449620
202410015623X
2023118289439
2023118137830
202311802009X
2023117585238
2023117396768
2023116877385
2023116256820
2023115867174
2023114754234
2023113718300
2023112449928
2023112235613
2023108547059
2023108301487
2023107930439
2023107471194
2023107497599
2023107403445
202310651527X
2023105834263
2023105420573
2023104998887
2023104749579
2023104597415
2023104602659
2023104262996
2023104524999
2023104135986
2023104045138
2023103370673
2023100607530
2023100233142
2022113689303
2026100170630
202511670830X
2025116731772
2025116665179
2025115885133
2025115754279
2025107042003
2023106851251
2025115964652
2025115964648
2025114705218
202510865236X
2025108572473
2025106104290
2025105899144
2025101930557
2024118738593
2024117214853
2024113699107
2024111929015
2024111927772
2024106467872
202410645651X
2024106460074
2024106465468
2024106462474
2024106454872
2024106382978
2024103664826
2024103666183
2024102181876
2024101448042
2024100081712
2024100081695
2023112416799
2023111015480
202311049973X
2025117766105
2025117543291
2025116141332
2025115365995
2025113741768
2025113507633
2025106979610
2025106971356
2025106013060
202510568498X
2025105685037
2025103810649
2024114095354
2024107318714
2024105205995
2024105227513
2024105160180
2024104214728
2024100329099
2023117101297
202311618329X
202511687060X
2025115896547
2025115809587
2025115295920
2025114948991
2025113458336
2025113425436
2025112799649
202511260811X
2025112425759
2025112406067
2025112306139
2025112168694
2025111858315
2025110866460
2025110863119
2025110862633
2025110799682
2025110761774
2025110617542
2025110549244
2025110521770
2025110525184
2025110396107
2025110230169
2025110101331
2025109854161
2025109817247
2025109651082
2025109584853
2025109588835
2025109510402
2025109400563
2025109324362
2025109089112
2025108999089
2025108736045
202510872263X
2025108723100
2025108606802
2025108590772
2025108516149
2025108362687
2025108150005
2025108090235
2025108049194
2025108017371
2025107940073
2025107926837
2025107650371
2025107652767
2025107599619
2025107270442
2025107209196
2025107152272
2025107209124
2025107209529
2025107071487
2025106865446
2025106865431
2025106807525
2025106868444
2025106785386
2025106660395
2025106507501
2025106498362
2025106432308
2025106485150
2025106119351
2025106140456
2025106116279
2025106100374
2025105948475
2025105953187
2025105962576
2025105919843
2025105753689
2025105623558
2025105609461
2025105621586
2025105551225
2025105532686
2025105484076
2025105484080
2025105493963
2025105494542
2025105252153
2025105304603
2025105280628
2025105183929
2025105185765
2025105123951
2025105069779
2025105074419
2025104914861
2025104926318
2025104639347
2025104615658
2025104556876
2025104532509
2025104305365
2025104011893
2025103911052
2025103761591
2025103742054
2025103592733
2025103553813
2025103587523
2025103403394
2025103310830
2025103199602
202510270484X
2025102706597
2025102643507
2025102643494
2025102555582
2025102212050
2025102205748
2025102231719
2025102238506
2025102176444
202510216216X
2025101708097
2025101706532
2025101493004
2025101499208
2025101437466
2025101444597
2025101147730
2025101149223
202510114775X
2025100974670
2025100997973
2025100936630
2025100951965
2025100713806
2025100603967
2025100563866
2025100485161
2025100289753
2025100117808
2025100124337
2024119761794
2024119765390
2024119760679
2024119854939
2024119851023
2024119809740
2024119812194
2024119766779
2024119951888
202411976530X
2024119866921
2024119812936
2024119826464
2024119667769
2024119650005
2024119650306
2024119650683
202411962177X
2024119636578
202411964960X
2024119569569
2024119569573
2024119453098
2024119453986
2024119351342
2024119358356
2024119359471
2024119362506
2024119266797
2024119267747
2024119166515
2024119078302
2024119159437
2024119076133
202411898159X
2024118873769
2024118807659
2024118734323
2024118713990
2024118674712
2024118567335
2024118566493
2024118486094
2024118355064
2024118430031
202411836442X
2024118361065
2024118356118
2024118355666
2024118324808
2024118192847
2024118173460
2024117897408
2024117886121
2024117855015
2024117881039
2024117782866
202411780494X
2024117655150
202411766736X
2024117666526
2024117572891
2024117573150
2024117367327
2024117409531
2024117422748
2024117319446
2024117230470
2024117212307
2024117211554
2024117174127
2024117174146
2024116940133
2024116894807
2024116694092
2024116747121
2024116571092
2024116571088
202411652378X
2024116426629
2024116328664
2024115973962
2024115977198
202411600266X
2024115896468
2024115873964
202411579251X
2024115645559
202411524967X
2024115068763
2024115114244
2024115055373
2024115005232
2024114950573
2024114805724
2024114718463
202411470857X
2024114609216
2024114579598
2024114524222
2024114327192
2024114290766
2024114137978
2024114136693
2024114137658
2024114082320
2024113718038
2024113307098
2024113219148
2024113209856
2024113178237
2024112887999
2024112843100
2024112832479
2024112682185
2024112608469
2024112597360
2024112599864
2024112477320
2024112454028
2024112320451
2024111984900
2024111959627
2024111875994
2024111930402
2024111788619
2024111756976
202411172297X
2024111511057
2024111452114
2024111267081
2024111147889
2024111027919
2024110970741
2024111012839
2024110970737
2024110894485
2024110779542
2024110761981
2024110654602
2024110556690
2024110391575
2024110217371
2024110137856
2024109978051
2024109981800
2024109906053
202410990151X
2024109609926
2024109471013
2024109347158
2024109088134
2024109093838
2024109093109
2024109094915
2024108893658
2024108831331
2024108811639
2024108752749
2024108663069
2024108642325
2024108532791
2024108532679
2024108442225
2024108437744
2024108496333
2024108253280
2024108242178
2024108242182
2024108114606
2024108078652
2024107981929
2024107974662
2024107915429
2024107862949
2024107747086
2024107661719
2024107263533
2024107273516
2024106940086
2024106942344
2024106938724
2024106943135
2024106936339
2024106833864
2024106854678
2024106731216
2024106600807
2024106605001
2024106517161
2024106489123
2024106413938
2024106367075
2024106340674
2024106309188
2024106140112
2024106188022
2024106098562
2024106096552
2024106081078
2024106025805
202410600827X
2024106029011
2024106015038
202410584539X
2024105802549
2024105755092
2024105766148
2024105758601
2024105756112
2024105661998
2024105709215
2024105669909
2024105670272
2024105677854
2024105651873
2024105596467
2024105572797
2024105372930
2024105355259
2024105185385
2024105158674
2024105102522
2024104976609
202410491473X
2024104790065
2024104762879
2024104688739
2024104602668
2024104603887
2024104533070
2024104506001
2024104433833
2024104366025
2024104366044
202410436603X
2024104267547
2024104179705
2024104181300
2024104152740
2024104123606
2024104104126
2024103797033
2024103744110
2024103638200
2024103640357
2024103609373
2024103561425
2024103557059
202410340233X
2024103334188
2024103295234
2024103108948
2024103053625
2024103046316
2024102943973
2024102905806
202410290590X
2024102907233
2024102759833
2024102812197
202410271672X
2024102634946
202410256533X
2024102506505
2024102199282
2024102123762
2024101827246
2024101527824
2023117732720
2024101482895
2024101419092
2024101366786
2024101386154
2024101141496
2024101151977
2024101009115
2024100918445
2024100888420
2024100722904
2024100441277
202410043664X
2024100318338
2024100258430
2024100167944
2024100054306
2024100099114
2023118610504
2023118595044
2023118574762
2023118576217
2023118402200
2023118573261
2023118576679
2023118574353
2023118572377
2023118576467
2023118575430
2023118497484
2023118342977
202311822668X
2023118065921
2023117963725
2023117839747
2023117628182
2023117572632
2023117583711
2023117498155
2023117356991
2023117429422
202311705083X
2023116913201
2023116913220
202311676626X
2023116763007
2023116684518
2023116655962
202311644002X
202311630932X
2023116306904
2023116218176
2023116276400
2023116197288
2023116011819
2023116002909
2023115982454
2023115898473
2023115838881
2023115367953
2023115353787
2023115350810
2023115312255
2023115281721
2023115170432
2023115141618
2023115201939
2023115061774
2023114974408
2023114784600
202311478952X
2023114642277
202311459311X
2023114375859
2023114374131
2023114378147
2023114143601
2023114142416
2023114083973
2023114120900
2023113988403
2023113676149
2023113524625
2023113340015
2023113340373
2023113212360
2023113103700
2023112755073
2023112513144
2023112426606
2023112336703
202311229916X
2023112119896
2023112106097
2023111949391
2023111838897
2023111789674
2023111549204
2023111319429
2023111164714
2023111165399
2023111092222
2023110987235
2023110987220
2023110986887
202311084272X
2023110600504
2023110425223
2023110399746
2023110061689
2023110061674
2023109997185
2023109894456
2023109782272
2023109753053
2023109465431
2023109517385
2023109517402
2023109101721
2023108781338
2023108624750
2023108503686
2023108432318
2023108430420
2023108411082
2023108287687
2023108291983
2023107923609
2023107853409
2023107641922
2023107653775
2023107653633
2023107107371
2023106983960
2023106193789
2023105842306
2023105753938
2023105753247
2023105696441
2023105748751
2023105486547
2023105581113
2023105432246
2023104921724
2023104825394
2023104596874
2023104604495
2023104479885
2023103897395
2023103766717
202310348314X
2023103427900
2023103434073
2023103292509
2023102953557
2023102779847
2023102605525
2023102401284
2023102405088
2023102356202
2023102283659
2023102264535
2023102267088
2023102192645
2023102015918
2023101904360
2023101766110
2023101597485
2023101437236
2023100553719
2023100165198
2023100048086
2022117225948
2022117140422
2022116904710
2022116904689
2022116904759
2022116916332
2022116735854
2022116710753
2022116638799
2022116217709
2022116181181
2022116056745
2022115696392
2022115600614
2022115526476
2022115443219
202211444170X
2022114326580
2022113289264
2022113163891
2022113067678
202211271518X
2022112507632
202211240346X
2022112070461
2022112071197
2022111996025
2022107710862
2022101214553
2021115627383
2021115232942
2021115230364
202111502991X
2021114519983
2021113036660
2021107930868
202110783336X
2021107736995
202511293233X
202511079240X
2025107832257
2025106827069
2025105578730
2025104981777
2025104812730
2025104639351
2025103403375
2025102917687
2024119937541
2024118297285
2024117016091
2024116543069
2024113870707
2024112864056
2024110035570
2024102565310
2024102539975
2024102113934
2023118595059
2023118577046
2023116913199
2023116318441
2023109002637
2023106773267
2025114422539
2025113678745
