2023110830987
2022111889697
2022112525486
2022116237083
2023102744763
2023116016808
2024109902118
2023103335684
2023107421015
2023113298357
2022114056295
2022100500628
2023102191271
2022100542194
2023106389718
2022100939989
2023118530374
2023113654667
2022104634956
2021116504465
2022115439181
2018109882439
2022113128455
2021113107488
2022106404516
202211656494X
2023101106055
2022105877743
202310190910X
2024101693078
2023105329512
2021115455279
2022105930340
2022112543003
2023103993034
2023104289857
2024112407243
2023117001250
2023108577247
2021108589029
2022106262801
2022104945758
2022107290777
2023113579401
2023113107491
2023108266303
2022116824701
2022114666239
2022115978755
2025112119363
2021108244413
2021112572317
202110896306X
202110982130X
2021109765615
2021109677807
2021109766618
202110856879X
2021109492957
2022106304217
2023100696623
2021113408358
2022106738697
2023106418871
2021800320027
2022112313552
2023109714082
2022107866508
2022109754047
2022115493059
2022115491246
2022112165442
2023110282060
2022102245686
2022105197947
2022108550837
2022108979999
2022111298381
2022112270896
202211423914X
2023103249890
2023105736561
2023111484712
2023108134272
2023113089436
2022110729455
2023101161743
202310359963X
2023114289054
2023118185779
2022116883080
2023100610389
2022116092421
2023104495178
202310454102X
202311408820X
202310056479X
2023101041281
2022112315740
2022115402897
2022116032280
2023109958388
2023107107583
2022100891513
202510472699X
2023110707249
2021113174783
2021114596443
2023105098397
2022100389828
2022103047998
2022106894375
2022108057746
202110710228X
2022109874797
2022108789299
2022108270253
2022112805788
202310348547X
202310229663X
2023102771050
2023103210621
2023108891747
2023112819785
2025100682210
2015101234608
201510113559X
2022106986606
202210744679X
2022108424798
2022108782618
2022109870372
2023103595747
2023103787380
2023103522638
2023103129460
2023102091165
2023103599042
2023103376260
2023103155766
2023103353324
2022111764634
2025103655836
2022104746913
2022106983222
2022107279903
2022107684410
2022106894290
2022100576561
2022103575109
2022103231337
2022103231572
2022103139398
2022103478560
2022105225576
2023112124574
2021112953906
2021112954010
2023103018010
2022112542693
2023103432400
2023103281472
2025102956018
2022113772207
2022112408834
2022112009213
2021112094315
2021115994999
2021116504198
2021114922616
2022100674742
2022101572924
2022106914595
2022104945550
2022107698697
2022112352966
2021110272534
2022104176055
2023107054548
2023107438092
2023100541482
2023101349485
2022102872305
202111181743X
2021112420634
2022100164487
2021113468132
2021113920524
2021113984511
2021116631579
2021113632461
2021113919974
2022103307849
2022103751079
2022104575638
2022105020701
2022105020504
2022106566968
2022107859862
2022108259362
2022108203367
2022108118947
2022107520637
2022109176545
2022108424726
2022109320141
2022109753824
2022111516600
2022116039364
202210899458X
2021111067128
2023108171680
2022113570690
2022114057052
2022114910825
2022107864377
2022115731555
2022116123773
2023101133955
2023101966263
2023102597088
2022109804135
2022105020453
202410187394X
2022102192316
2023101952133
2022107290461
202210706504X
2023111308369
202311206623X
2025100183481
2024107991992
202310156593X
2022105020152
2023105624886
2023103264706
202311851790X
2024102273153
2024113707245
2024117374778
2025109290031
2025112408363
2025112642197
202310487487X
2023109584750
2024103637852
2024102854791
2024103924791
2023100359738
202311571020X
2023116638331
2022105889596
2023100132508
2023101500598
2023101507578
202310202760X
2023102943269
2023110384098
2022111516687
2022115731818
2016103983865
2023114083085
2023102769953
2023101230029
2023101695242
2022110241028
2023101488878
2023101691538
2022117194846
2022117193472
2023107473946
202211151655X
2022113991168
2022111462333
2023110796581
202210465167X
2022103734872
2022109246406
2021115816544
2022100790512
2021116664197
2023108739400
202410870154X
2025109197935
2021113154243
2021112569649
2021112494638
2021113712593
2023110776338
2022104695288
202210614273X
2022108848723
2022111663084
2022114345628
2023102127167
2023118381261
2023102390966
2024104844934
2024103000774
2023108731803
2022115107608
2021113000283
2023103167655
2022110731671
202410392521X
2024111284299
2024115727493
2025100288572
202510085761X
2025110552957
2022105179686
2021116244434
2022108032950
2023115344966
2023101797000
2023115346177
2023107427685
2022109691796
202211562438X
2021115358902
2022115108704
2023110576628
2023110524229
2021113272540
2022115624159
2023104002838
2023105742134
2023108677724
2023102080620
2022113277591
2022113318695
2022114941698
2023102449387
2022115856419
2023102268292
2023101900694
2023102411252
2023102374592
2023103323136
2023103432523
2023102913598
2023103178965
2021116728733
2022101984638
2022103695191
2023104519613
2023108009696
2021114415819
2021116544405
2021110820384
2022100437357
2022105060802
2022113930075
2023100088219
2023103034935
2021107045963
2022116305324
2023100323581
2023100594403
2022116305682
2023100811636
202310139175X
2023101611891
2023102549703
2023116457139
2022105551768
2022109090991
2022112008973
2021107189283
2021107678468
2021115815452
202111360961X
2022106263363
2022107988219
2022106739011
2022101882070
2022100879297
2022105558428
2022113127715
2022107130886
2022102161587
2022106392148
2022101369520
2021113685153
2022111111962
2022107684425
2022114056242
2022114329095
2022117402336
2022115654686
2023110803195
2024109808686
2021108320559
2022107501087
2022109504906
2019108387138
2023102687667
2023101850604
2022101054696
2023113832560
2023113917605
2023118141836
2022108112283
2023101263319
2021110634499
202310050131X
2022103425031
2022102796123
2022108279084
202211176409X
2022112471679
2022116124117
2022110892599
2023107832563
2023108729216
2023109827625
2023109000909
2023111669634
2023111797083
2022117159503
2023114190142
2025114787025
2022103996184
2023101616895
2023111375490
202111439712X
2022111038416
2022108128313
2022108743435
2022113036472
202211543566X
2022100731872
2022102063283
2022100716938
2022100810484
2022106470471
2022108032683
2022109061132
2024105747749
2022106931105
2023104559911
2024115277701
2024117801405
2022103585844
2023112056064
2022117308419
2023107358632
2023104793548
2022113468688
2023116503103
2022113278486
2021113467939
2021114044664
202211175846X
2022115109158
2023108432604
2024115166662
2025100845468
202111552270X
2023103978335
2022111596747
2022111804580
2020115057116
2021108581686
2021113332433
2022104749038
2023100302689
202310566968X
2023106324963
2023115785672
2021111649699
2021114596960
2022101991311
2022102769319
2022103888457
2022106505860
2022116979539
2024117376190
2023105947670
2023107928829
202311389235X
2022115573034
2022114065769
2022100095504
2023110803180
2022114910312
2023102141588
2022113859893
2023101966348
2023105261435
2023110115481
2022108562177
2025105939052
2023100288624
2024109412250
2022105792266
2023111797098
2023111796983
2023104692265
2023102464495
2023111141958
2022107859881
2022116841660
2023102312204
2022116953399
2022114714675
2022115837460
202211201538X
2023108565860
2022107593303
2023118394488
2022110473491
202211089257X
2023106719741
202310206966X
2025111540054
2021110501181
2021113632705
2023104064251
202210792063X
2022108550790
2022108270111
2022110254225
2022110341007
202211013483X
2022108205517
2022111911756
2021116375248
2021113965313
2022101794987
2022102009791
2022103751276
202210833465X
2023101289639
2022112883202
2022112883058
2023103031621
2023109400278
2023110273894
2021114314019
2022102716701
2022105549221
2022105558235
202111256930X
2022117383871
202310571846X
2023106484638
2023104140700
2023109114399
2023109634726
2023109713906
2023113850785
2023117463993
202311871962X
2024113775581
2024113239423
2024114667777
2024116700498
2022115244338
2022113470211
2022106834571
2023108878776
2023103206240
2024101505628
202310837469X
202310899760X
2022107987841
2023104887371
2023105734725
2023108709725
202311226312X
2023115031054
2024104765307
2024114740537
2024119689043
2022117439612
2021113409011
2021113408841
2021113421348
2023106668383
2023106485202
2023107902937
2023108656569
2023109298180
2024101438892
2024108760904
202410926790X
2025109935991
2025109915019
2022108928056
2021103134614
2022108186357
2022111445520
2022113472185
2023109776430
2022117095018
2023102143723
2025113599989
2023103852290
2021116544886
2021116505862
2021116543597
2021116504361
2021116543722
2022117297607
2023108574291
2022101783056
2022108270643
2022102165094
2023107672282
2023103732693
2023108413016
202311426128X
2020110418368
2021111290563
2022109199053
202211493443X
2022111758347
2022117090870
2023100931498
2023100965282
2024119009980
202210135492X
2022109993264
2022106998849
2022114537632
2023113997741
2021105127047
2021105398138
2022104836835
2024111806640
2023102702741
202310202714X
202211688885X
2023102512094
2025113935299
2023106359271
202310059550X
2022108205432
2022117389897
202210995049X
2022104485311
202211115943X
202111172349X
2019108545019
2018111349758
2021109082238
2022110844449
2022112752831
2022111381213
2023109714383
2025101209614
2024116079182
2022113468762
2023103970278
2022111446114
2021103894400
2023103031636
2023105882197
2022106739168
2023106083276
2022102795224
2023108309050
2023116549272
2022102189864
2022109647168
202111289137X
2021115581479
202111283752X
2023101570853
2023101647817
2021110743725
2021111146878
2022100095646
2022104104964
2022106720833
202210589578X
2022109986716
2022110479125
2022110420013
2022111233404
2022113714413
2022113999780
2023102400915
202411845854X
2023110660223
2023110595402
2023115003321
2023116332650
2025113594237
202011431111X
2022100541539
2023100553846
2023101174550
2021112152700
2021112549838
2021113918577
2021112549861
2021114062357
2021110883326
2021112549768
2022101572695
2022101519388
2022101563357
2022102795402
2022104945739
2022106008957
2022107866739
2022108056141
2022109874941
2022109594118
202210987018X
2022112802949
2022112806244
2022113929595
2022113936902
2022112675375
2022113788385
202211533778X
2022112670494
2022112670403
2022116169762
2023100616578
2023100899327
2023101818435
2023101436657
2023106493393
2023101633744
2023101366279
2023101374538
2023108432657
2023107843820
2023108856368
2023113119111
2023109249131
2023110755134
2021114125290
2021114143373
2021114124796
2022104698214
2022105226704
2022110416450
202211046035X
2022114056810
2022114236103
2023110089824
2021116244222
2021116698475
2022107501547
2022107519659
2022112008672
202310062262X
2022112390972
2022112279778
2023104454394
2022107519714
2022109176494
2022107446446
2022106920647
2021113342295
2021116245013
2021113332236
2022104576630
2022107616659
2022109572852
2023102195893
2023101095671
2021113013160
2022112122485
2023107585072
2023107584953
2021110052854
2022101261145
2022103205898
2022108053586
2022109283528
2022107742878
2022109617976
2022108835916
2022108804246
2022109627785
2022111918647
2022113128332
2022115548827
2021113965192
202111396472X
2021114457328
2021113964876
2021114062573
2021114062450
2021114059477
2021114214059
2021114062408
2021114233435
2021114124777
2021114143049
2021114739517
202210473529X
2022104813852
2022105031301
2022106187660
2022106353177
2022106254735
2022106201494
2022106304522
2022106447032
202210851284X
2022108979700
202210837075X
2022109952391
2022110668076
2022112015708
202211428616X
2022116951637
2022116144939
2023101616861
2023102737702
2023106484074
2023104450730
2023107894451
202510559713X
2025114549309
2022104746805
2022115423249
202211540290X
2022115402863
2023106943179
2021113571434
2021114982509
2021115455495
2022102795991
2022104097104
2022101167321
2022102795953
2022102240076
2021113288943
2022100553447
2022100553466
2022104312399
2022108631919
2022113570385
2022108775845
2022111453885
2022110348612
2022112026312
2022103929315
2022112413103
2022113201535
2022115250729
2022113714131
2022113889367
2022108362518
2023110249429
2023110249594
2022107355659
2022108239871
2025119228997
2022110340926
2023105408637
2022103929141
2023103293056
2022106248541
2015101855815
2022110629334
2022110603353
2023107542151
2021115650182
2022100069158
2022110327387
2022106660531
2022108612246
2023101436267
2023103800493
2023105336696
202310116220X
202510085909X
2023104321937
2023104457373
2024114844502
2022102087451
2022112800106
2023100898146
2022115549711
2023103276347
2023108418683
2022114714834
2022115979724
202310333905X
2023102726835
2023102765488
2023103284381
2022108335031
2022108326403
2023102954988
2023100198083
2023113544741
202311354492X
2022114409600
202310183915X
2022113633238
2022114767422
2023109330966
2023100234573
2021112047865
2022101124472
2023112608657
202111396634X
2025100142284
2023100345294
2022114540724
202211549381X
2024117022069
2021114659531
2021115815397
2021115735636
2022111758563
2022112739926
2022115423427
2022116169993
2025101949464
2024119760895
2024119669124
2024119502840
2024117886827
2024113035341
2024107750290
2023110244196
2023109474905
2023109173363
2023107701849
2023105534343
202310506134X
2023104928935
2023103858259
202310349484X
2023103482626
202310336536X
2023102766921
202310123441X
2023100234164
2022114549998
202310771683X
2020114285952
2023109571303
2023101501868
2022115833544
2022115840707
202511666811X
2025116668069
202511553859X
2024119778263
2024119098221
2024118046446
2024116301500
2024113369944
2024111700839
2024111298840
2024109147255
2022103300360
2021116743199
2021110943859
2021107632356
2020112400763
2020102790679
2025114112462
2025108722413
2025102774185
2025101350049
2025100618375
2024100258426
2023116453015
2023116318598
2023115397963
2023113657167
2023112336690
202311159357X
2023111541128
2023110855467
2023109834934
2023108031420
2023107138596
2023106110555
2023104404361
202310391208X
202310349773X
2023102907277
2022116452304
2022115672129
2022114705939
2022114640506
2022112718703
2022112456113
2022112203232
2022112041134
2022110932543
2022110610893
2022108232694
2022107578214
202210756827X
2022107727327
2022107437061
2022106881873
2022106832769
2021110471330
2021103882988
202411788567X
2022115891840
2022114716740
2022114242941
2023111143313
202311055502X
2023110585966
2023104536712
2023104518428
2023102840900
2023102617255
202310208610X
2023100819801
2022116757567
2022116633850
2022111821586
2022111308716
2022108679960
2024107483497
2023107653760
2023107105732
2023112592659
2023112403322
2023111151574
2023108307708
2021115959444
2021115789617
2021115613179
2021115609898
2021115609915
2021115613183
2021115610202
2021115334113
2021115299571
2021115299637
2021115300899
2021115299726
2021115347005
2021115346996
2021115334151
2021115051114
2021114107112
2021114107678
2021113944730
2021113950411
2021113602201
2021113602220
2021113602108
2021112915124
2021112380406
2021112380919
2021112380567
2021111746256
2021111745179
2021111746896
2021109285567
2021108852014
2023106077773
2021115797632
2021110718259
2025101234442
2024113908494
2024112702329
2023118077223
2023104859615
2023104626070
2023102021425
2022116363387
2022115207273
2022110550144
2022108976596
2022104602264
202210445051X
202411032843X
2023103927032
202310268464X
2021102446159
2021102533049
2023110323751
2022117243645
2022100043228
2021115921413
2021113763133
2022115585277
2022113463843
202411990517X
2024105383386
2024102016351
2023116436274
2023114061851
2022117069329
202211212312X
2023107948396
2022111766540
2022111802918
2022111118891
2021113979797
2023102837912
2021109433412
2020113382669
2022113372115
2022113381237
2024105481181
2023112662628
2022107525240
2021103554856
2022109507020
2022105560165
2022105554215
2022100220472
2021116084577
2021115002993
2021114487234
2021114156848
2021112470563
2023112120535
2022111115501
2023110524568
2022108909962
202410936525X
2023108441942
2022116064262
2022109828515
2023117970502
2025113081908
2025112345612
2025111772808
2025110489347
2025109349711
2025107769910
2025107769215
2025103129563
202510312953X
202510131505X
2025100936804
2024118884138
2024117686873
2024117368724
2024116578674
2024114917753
2024114230110
2024113586132
2024112934805
2024112768754
2024106790229
202410454133X
2024104031553
2024102594578
2024101168836
2024101108695
2024100117606
2024100064168
2024100017237
2023116979961
2023116333009
2023114790870
2023113977752
2023113719286
2023113076370
2023112319680
202311224763X
2023112238683
2023112092681
2023111896093
2023111909661
2023111135919
2023110761559
202311053135X
2023110384986
2023110195560
2023110185130
2023110107038
2023110049649
2023109846999
2023109394296
2023109097779
2023108943972
2023108595264
2023108365402
2023108185842
202310793193X
2023107934196
2023107848519
202310757273X
202310746040X
2023107463906
2023107398786
2023107268956
2023107269821
2023106954313
2023106952040
2023106305017
2023106304508
2023106252024
2023105804624
2023105887557
2023106011013
2023105775886
2023105758170
2023105543427
2023105762301
2023105369986
202310528938X
2023105237915
2023105087123
2023105025447
2023104894572
2023104887653
2023104806641
2023104758366
2023104522796
2023104469489
2023104253342
2023104117009
2023104003116
2023103923667
2023103472361
2023102985609
2023102984254
2023103232993
2023102831634
2023102779739
202310267365X
2023102429167
2023102451599
202310217331X
2023102400188
2023101947417
2023101840763
2023101816590
2023101344937
2023101840392
2023101324223
2023101125997
202310112561X
2023101389798
2023101473603
2023100995432
2023100967080
2023101202423
2023100328015
2023100249776
2022117242197
2022116737667
2022116206723
2022116128048
2022116097410
202211604086X
2022115972617
2023107086799
2022115336931
202211523034X
2022115230481
2022114930848
2022114929802
2022114920032
2022114896033
2022114839134
202211467914X
2022114297624
2022114051677
2022114078932
2022113762525
2022113763937
2022113761005
2022113695840
2022113570169
2022113357219
2022113335313
2022112428221
2022112290902
2022112103446
2022111845044
2022111850682
202211179061X
2022111487909
2022111432906
2022111320794
2022111041419
2022110981906
2022110795692
2022110195250
202211011905X
2022109858506
2022109771358
2022109500144
2022109396085
2022109053348
202210887020X
2022108715647
2022108716404
2022108367206
2022108121403
2022107979328
2022107741146
2022107685536
2022107289731
2022106959863
2022106869087
2022106572367
2022106463054
2022106444725
2022106077745
2022106016116
2022106015880
2022106014178
2022105854934
202210592392X
2022105626891
2022105567982
2022105204743
2022105144776
2022104807315
2022103960356
2022103907195
2022103851912
2022102954714
2023106061826
202211341513X
202310268880X
2022117243467
2024108547759
2023106283658
2022115122294
2022110550587
202210256327X
2022102231715
2022101635162
2022101478903
2022101338626
202111641250X
2021116142411
2021115179279
2021115190210
2021115198710
2021114212710
2021114208081
202111385232X
2021113695812
2021113347443
2021113128198
202111315654X
2021112938018
2021112956478
2021112958030
2021111644746
2021110509357
2021110044542
2021108981049
2021108728021
2021107972998
2021107585321
202110593823X
2021105819527
2021103347273
2021103346571
2021103147741
2021101494193
2021100823386
2020115672308
2020113734418
2020110959119
2020110164268
2020109160317
2020108858213
2020106031066
2020105979517
2020104302415
2020103433414
2020101957400
2019108713207
2014104849258
2024104031750
2022111249135
2022111050831
202210514092X
2025102637830
