2023110600951
2022102009895
2022100015707
2022104826975
2021112514010
2022103013864
2022106742705
2022106914561
2022114329273
2022113990540
2022114430724
2023103182509
2023114925810
2023117080464
2023103569776
2022107979690
2022106920929
2022107592870
2022104976031
2022106580414
2022105930425
2023100918239
202310054591X
2023110162779
202311545386X
2022107056534
2023102764771
2023107584807
2025105202440
202211326928X
2023104551572
2023101045511
2023102819990
2023102955016
2023113544510
2023103858210
2025111655838
2020107719001
2020105910155
2022109136552
2022110121420
2022108529361
2023112735614
2022114225683
2021105729516
2023104446523
2023104518540
2023100326344
2024112080918
2023111742254
2022106381745
2023108515700
2022112044170
202311219701X
2022115634165
2023101366141
2023108171746
202311197387X
2023108406489
2022115577730
2022106470518
2022104247718
2023118014309
2025100846066
2022111911544
2022111596658
2023107647257
2023103491729
2023108327716
2022105331895
2023107846443
2023101233173
2023101981032
2022113772902
